Id,Predicted
0, 0.45
1, 0.47
2, 0.57
3, 0.50
4, 0.37
5, 0.53
6, 0.45
7, 0.40
8, 0.50
9, 0.49
10, 0.47
11, 0.53
12, 0.35
13, 0.53
14, 0.38
15, 0.52
16, 0.54
17, 0.60
18, 0.53
19, 0.35
20, 0.37
21, 0.43
22, 0.50
23, 0.40
24, 0.50
25, 0.48
26, 0.54
27, 0.35
28, 0.52
29, 0.55
30, 0.50
31, 0.56
32, 0.50
33, 0.39
34, 0.54
35, 0.48
36, 0.51
37, 0.62
38, 0.53
39, 0.55
40, 0.51
41, 0.43
42, 0.54
43, 0.51
44, 0.44
45, 0.56
46, 0.41
47, 0.60
48, 0.50
49, 0.48
50, 0.54
51, 0.56
52, 0.36
53, 0.49
54, 0.56
55, 0.57
56, 0.38
57, 0.36
58, 0.56
59, 0.56
60, 0.56
61, 0.48
62, 0.51
63, 0.43
64, 0.53
65, 0.43
66, 0.57
67, 0.45
68, 0.55
69, 0.56
70, 0.57
71, 0.61
72, 0.60
73, 0.55
74, 0.41
75, 0.43
76, 0.42
77, 0.57
78, 0.55
79, 0.42
80, 0.50
81, 0.37
82, 0.54
83, 0.61
84, 0.60
85, 0.54
86, 0.54
87, 0.42
88, 0.35
89, 0.54
90, 0.46
91, 0.43
92, 0.58
93, 0.47
94, 0.48
95, 0.51
96, 0.58
97, 0.62
98, 0.50
99, 0.60
100, 0.57
101, 0.58
102, 0.39
103, 0.57
104, 0.47
105, 0.50
106, 0.44
107, 0.57
108, 0.38
109, 0.59
110, 0.53
111, 0.43
112, 0.44
113, 0.55
114, 0.51
115, 0.37
116, 0.57
117, 0.56
118, 0.58
119, 0.50
120, 0.46
121, 0.59
122, 0.42
123, 0.37
124, 0.36
125, 0.46
126, 0.47
127, 0.58
128, 0.50
129, 0.54
130, 0.42
131, 0.57
132, 0.54
133, 0.46
134, 0.54
135, 0.40
136, 0.42
137, 0.47
138, 0.52
139, 0.40
140, 0.50
141, 0.56
142, 0.47
143, 0.46
144, 0.53
145, 0.57
146, 0.42
147, 0.42
148, 0.45
149, 0.46
150, 0.47
151, 0.43
152, 0.37
153, 0.47
154, 0.60
155, 0.48
156, 0.55
157, 0.55
158, 0.53
159, 0.42
160, 0.55
161, 0.37
162, 0.41
163, 0.47
164, 0.55
165, 0.48
166, 0.46
167, 0.36
168, 0.34
169, 0.56
170, 0.53
171, 0.58
172, 0.56
173, 0.42
174, 0.46
175, 0.39
176, 0.60
177, 0.57
178, 0.41
179, 0.45
180, 0.61
181, 0.60
182, 0.57
183, 0.42
184, 0.57
185, 0.55
186, 0.53
187, 0.61
188, 0.52
189, 0.53
190, 0.58
191, 0.48
192, 0.53
193, 0.38
194, 0.58
195, 0.35
196, 0.56
197, 0.56
198, 0.53
199, 0.38
200, 0.51
201, 0.41
202, 0.39
203, 0.53
204, 0.61
205, 0.48
206, 0.37
207, 0.42
208, 0.35
209, 0.55
210, 0.48
211, 0.57
212, 0.58
213, 0.59
214, 0.58
215, 0.55
216, 0.57
217, 0.55
218, 0.53
219, 0.52
220, 0.42
221, 0.37
222, 0.57
223, 0.61
224, 0.48
225, 0.55
226, 0.43
227, 0.42
228, 0.57
229, 0.48
230, 0.47
231, 0.59
232, 0.39
233, 0.40
234, 0.39
235, 0.55
236, 0.54
237, 0.40
238, 0.47
239, 0.55
240, 0.37
241, 0.38
242, 0.53
243, 0.39
244, 0.49
245, 0.39
246, 0.43
247, 0.50
248, 0.55
249, 0.35
250, 0.40
251, 0.41
252, 0.40
253, 0.39
254, 0.41
255, 0.48
256, 0.46
257, 0.53
258, 0.56
259, 0.52
260, 0.49
261, 0.42
262, 0.37
263, 0.44
264, 0.50
265, 0.47
266, 0.49
267, 0.54
268, 0.54
269, 0.48
270, 0.55
271, 0.38
272, 0.38
273, 0.51
274, 0.58
275, 0.59
276, 0.43
277, 0.41
278, 0.50
279, 0.36
280, 0.55
281, 0.59
282, 0.42
283, 0.59
284, 0.51
285, 0.49
286, 0.47
287, 0.54
288, 0.51
289, 0.40
290, 0.51
291, 0.54
292, 0.44
293, 0.54
294, 0.35
295, 0.50
296, 0.55
297, 0.54
298, 0.41
299, 0.59
300, 0.41
301, 0.55
302, 0.53
303, 0.57
304, 0.44
305, 0.40
306, 0.48
307, 0.54
308, 0.38
309, 0.52
310, 0.55
311, 0.49
312, 0.54
313, 0.41
314, 0.47
315, 0.53
316, 0.48
317, 0.52
318, 0.34
319, 0.59
320, 0.57
321, 0.49
322, 0.53
323, 0.39
324, 0.44
325, 0.52
326, 0.54
327, 0.58
328, 0.36
329, 0.63
330, 0.52
331, 0.54
332, 0.38
333, 0.42
334, 0.37
335, 0.59
336, 0.32
337, 0.52
338, 0.41
339, 0.40
340, 0.53
341, 0.47
342, 0.56
343, 0.59
344, 0.39
345, 0.59
346, 0.56
347, 0.57
348, 0.51
349, 0.56
350, 0.47
351, 0.45
352, 0.51
353, 0.41
354, 0.57
355, 0.51
356, 0.52
357, 0.57
358, 0.49
359, 0.52
360, 0.50
361, 0.58
362, 0.59
363, 0.49
364, 0.38
365, 0.51
366, 0.56
367, 0.55
368, 0.48
369, 0.51
370, 0.45
371, 0.34
372, 0.35
373, 0.51
374, 0.58
375, 0.51
376, 0.45
377, 0.38
378, 0.54
379, 0.52
380, 0.57
381, 0.53
382, 0.55
383, 0.61
384, 0.53
385, 0.54
386, 0.42
387, 0.41
388, 0.54
389, 0.52
390, 0.57
391, 0.59
392, 0.44
393, 0.60
394, 0.53
395, 0.47
396, 0.55
397, 0.43
398, 0.57
399, 0.50
400, 0.51
401, 0.42
402, 0.52
403, 0.50
404, 0.51
405, 0.38
406, 0.41
407, 0.50
408, 0.50
409, 0.58
410, 0.39
411, 0.54
412, 0.59
413, 0.55
414, 0.37
415, 0.42
416, 0.50
417, 0.41
418, 0.51
419, 0.43
420, 0.41
421, 0.38
422, 0.40
423, 0.52
424, 0.42
425, 0.42
426, 0.64
427, 0.44
428, 0.35
429, 0.40
430, 0.57
431, 0.39
432, 0.51
433, 0.34
434, 0.47
435, 0.53
436, 0.42
437, 0.48
438, 0.53
439, 0.50
440, 0.35
441, 0.58
442, 0.35
443, 0.54
444, 0.52
445, 0.52
446, 0.53
447, 0.37
448, 0.53
449, 0.44
450, 0.38
451, 0.53
452, 0.53
453, 0.55
454, 0.32
455, 0.44
456, 0.50
457, 0.51
458, 0.58
459, 0.51
460, 0.53
461, 0.46
462, 0.50
463, 0.56
464, 0.54
465, 0.44
466, 0.56
467, 0.59
468, 0.47
469, 0.49
470, 0.52
471, 0.48
472, 0.42
473, 0.53
474, 0.53
475, 0.54
476, 0.55
477, 0.36
478, 0.39
479, 0.39
480, 0.46
481, 0.60
482, 0.61
483, 0.56
484, 0.51
485, 0.41
486, 0.54
487, 0.57
488, 0.50
489, 0.44
490, 0.42
491, 0.41
492, 0.57
493, 0.50
494, 0.38
495, 0.35
496, 0.35
497, 0.43
498, 0.41
499, 0.49
500, 0.36
501, 0.49
502, 0.53
503, 0.40
504, 0.44
505, 0.60
506, 0.42
507, 0.58
508, 0.37
509, 0.54
510, 0.54
511, 0.58
512, 0.46
513, 0.37
514, 0.53
515, 0.41
516, 0.54
517, 0.54
518, 0.42
519, 0.36
520, 0.54
521, 0.54
522, 0.55
523, 0.49
524, 0.54
525, 0.45
526, 0.44
527, 0.46
528, 0.59
529, 0.49
530, 0.40
531, 0.39
532, 0.50
533, 0.54
534, 0.51
535, 0.51
536, 0.50
537, 0.61
538, 0.41
539, 0.54
540, 0.54
541, 0.42
542, 0.48
543, 0.51
544, 0.42
545, 0.41
546, 0.55
547, 0.39
548, 0.50
549, 0.45
550, 0.46
551, 0.58
552, 0.54
553, 0.35
554, 0.40
555, 0.53
556, 0.37
557, 0.55
558, 0.58
559, 0.40
560, 0.60
561, 0.51
562, 0.50
563, 0.49
564, 0.40
565, 0.47
566, 0.39
567, 0.55
568, 0.39
569, 0.49
570, 0.60
571, 0.35
572, 0.46
573, 0.42
574, 0.53
575, 0.52
576, 0.54
577, 0.57
578, 0.56
579, 0.54
580, 0.40
581, 0.46
582, 0.41
583, 0.40
584, 0.40
585, 0.56
586, 0.51
587, 0.36
588, 0.36
589, 0.35
590, 0.54
591, 0.49
592, 0.60
593, 0.44
594, 0.42
595, 0.55
596, 0.51
597, 0.49
598, 0.53
599, 0.55
600, 0.48
601, 0.58
602, 0.55
603, 0.52
604, 0.50
605, 0.45
606, 0.58
607, 0.36
608, 0.61
609, 0.41
610, 0.40
611, 0.41
612, 0.49
613, 0.53
614, 0.49
615, 0.47
616, 0.63
617, 0.55
618, 0.37
619, 0.57
620, 0.56
621, 0.42
622, 0.41
623, 0.48
624, 0.43
625, 0.40
626, 0.50
627, 0.50
628, 0.55
629, 0.51
630, 0.52
631, 0.50
632, 0.39
633, 0.42
634, 0.58
635, 0.43
636, 0.58
637, 0.40
638, 0.41
639, 0.39
640, 0.52
641, 0.54
642, 0.35
643, 0.55
644, 0.57
645, 0.51
646, 0.36
647, 0.45
648, 0.46
649, 0.53
650, 0.44
651, 0.39
652, 0.39
653, 0.51
654, 0.42
655, 0.43
656, 0.57
657, 0.59
658, 0.40
659, 0.48
660, 0.49
661, 0.37
662, 0.38
663, 0.59
664, 0.47
665, 0.56
666, 0.40
667, 0.49
668, 0.49
669, 0.54
670, 0.45
671, 0.43
672, 0.53
673, 0.50
674, 0.59
675, 0.46
676, 0.47
677, 0.39
678, 0.49
679, 0.46
680, 0.58
681, 0.57
682, 0.55
683, 0.59
684, 0.40
685, 0.44
686, 0.44
687, 0.52
688, 0.50
689, 0.45
690, 0.60
691, 0.55
692, 0.49
693, 0.42
694, 0.54
695, 0.51
696, 0.52
697, 0.45
698, 0.56
699, 0.60
700, 0.55
701, 0.49
702, 0.46
703, 0.54
704, 0.46
705, 0.45
706, 0.39
707, 0.38
708, 0.50
709, 0.51
710, 0.50
711, 0.35
712, 0.56
713, 0.43
714, 0.47
715, 0.48
716, 0.46
717, 0.54
718, 0.36
719, 0.44
720, 0.43
721, 0.44
722, 0.50
723, 0.48
724, 0.46
725, 0.49
726, 0.40
727, 0.54
728, 0.46
729, 0.57
730, 0.37
731, 0.50
732, 0.40
733, 0.47
734, 0.44
735, 0.54
736, 0.47
737, 0.37
738, 0.55
739, 0.46
740, 0.51
741, 0.38
742, 0.60
743, 0.39
744, 0.46
745, 0.52
746, 0.38
747, 0.48
748, 0.40
749, 0.51
750, 0.37
751, 0.52
752, 0.55
753, 0.51
754, 0.49
755, 0.38
756, 0.46
757, 0.51
758, 0.54
759, 0.40
760, 0.40
761, 0.48
762, 0.47
763, 0.58
764, 0.46
765, 0.55
766, 0.54
767, 0.58
768, 0.38
769, 0.53
770, 0.35
771, 0.48
772, 0.51
773, 0.58
774, 0.52
775, 0.55
776, 0.42
777, 0.55
778, 0.36
779, 0.39
780, 0.52
781, 0.52
782, 0.46
783, 0.52
784, 0.47
785, 0.53
786, 0.40
787, 0.38
788, 0.38
789, 0.37
790, 0.56
791, 0.56
792, 0.46
793, 0.56
794, 0.53
795, 0.51
796, 0.46
797, 0.47
798, 0.52
799, 0.49
800, 0.44
801, 0.44
802, 0.58
803, 0.35
804, 0.38
805, 0.45
806, 0.39
807, 0.51
808, 0.39
809, 0.41
810, 0.47
811, 0.41
812, 0.57
813, 0.36
814, 0.53
815, 0.48
816, 0.39
817, 0.36
818, 0.35
819, 0.51
820, 0.49
821, 0.47
822, 0.36
823, 0.53
824, 0.50
825, 0.56
826, 0.52
827, 0.42
828, 0.38
829, 0.57
830, 0.54
831, 0.57
832, 0.50
833, 0.51
834, 0.53
835, 0.52
836, 0.58
837, 0.37
838, 0.42
839, 0.44
840, 0.53
841, 0.57
842, 0.44
843, 0.49
844, 0.38
845, 0.54
846, 0.52
847, 0.42
848, 0.47
849, 0.50
850, 0.56
851, 0.51
852, 0.47
853, 0.54
854, 0.59
855, 0.57
856, 0.46
857, 0.35
858, 0.50
859, 0.55
860, 0.59
861, 0.51
862, 0.60
863, 0.43
864, 0.52
865, 0.53
866, 0.49
867, 0.37
868, 0.44
869, 0.55
870, 0.56
871, 0.55
872, 0.37
873, 0.48
874, 0.45
875, 0.57
876, 0.50
877, 0.55
878, 0.41
879, 0.58
880, 0.43
881, 0.55
882, 0.38
883, 0.58
884, 0.51
885, 0.43
886, 0.46
887, 0.42
888, 0.41
889, 0.61
890, 0.46
891, 0.46
892, 0.60
893, 0.41
894, 0.54
895, 0.51
896, 0.36
897, 0.45
898, 0.54
899, 0.40
900, 0.51
901, 0.39
902, 0.35
903, 0.52
904, 0.51
905, 0.58
906, 0.53
907, 0.54
908, 0.45
909, 0.38
910, 0.50
911, 0.41
912, 0.45
913, 0.37
914, 0.56
915, 0.48
916, 0.45
917, 0.53
918, 0.56
919, 0.44
920, 0.50
921, 0.51
922, 0.43
923, 0.51
924, 0.51
925, 0.53
926, 0.59
927, 0.53
928, 0.38
929, 0.40
930, 0.50
931, 0.50
932, 0.41
933, 0.57
934, 0.52
935, 0.48
936, 0.51
937, 0.36
938, 0.45
939, 0.56
940, 0.48
941, 0.36
942, 0.57
943, 0.59
944, 0.55
945, 0.53
946, 0.51
947, 0.57
948, 0.40
949, 0.56
950, 0.54
951, 0.44
952, 0.46
953, 0.58
954, 0.55
955, 0.39
956, 0.53
957, 0.56
958, 0.49
959, 0.34
960, 0.50
961, 0.39
962, 0.57
963, 0.50
964, 0.38
965, 0.61
966, 0.36
967, 0.41
968, 0.61
969, 0.38
970, 0.52
971, 0.57
972, 0.49
973, 0.38
974, 0.50
975, 0.52
976, 0.48
977, 0.47
978, 0.52
979, 0.52
980, 0.48
981, 0.48
982, 0.53
983, 0.56
984, 0.35
985, 0.42
986, 0.41
987, 0.43
988, 0.41
989, 0.47
990, 0.55
991, 0.55
992, 0.44
993, 0.56
994, 0.35
995, 0.57
996, 0.51
997, 0.57
998, 0.54
999, 0.58
1000, 0.52
1001, 0.52
1002, 0.53
1003, 0.41
1004, 0.52
1005, 0.53
1006, 0.49
1007, 0.47
1008, 0.53
1009, 0.43
1010, 0.50
1011, 0.62
1012, 0.51
1013, 0.37
1014, 0.35
1015, 0.52
1016, 0.57
1017, 0.43
1018, 0.54
1019, 0.47
1020, 0.56
1021, 0.53
1022, 0.42
1023, 0.51
1024, 0.49
1025, 0.43
1026, 0.47
1027, 0.59
1028, 0.41
1029, 0.53
1030, 0.56
1031, 0.38
1032, 0.45
1033, 0.59
1034, 0.50
1035, 0.49
1036, 0.59
1037, 0.41
1038, 0.54
1039, 0.53
1040, 0.61
1041, 0.50
1042, 0.48
1043, 0.36
1044, 0.37
1045, 0.55
1046, 0.44
1047, 0.52
1048, 0.46
1049, 0.51
1050, 0.55
1051, 0.50
1052, 0.52
1053, 0.43
1054, 0.59
1055, 0.48
1056, 0.36
1057, 0.58
1058, 0.51
1059, 0.46
1060, 0.48
1061, 0.42
1062, 0.59
1063, 0.52
1064, 0.41
1065, 0.41
1066, 0.47
1067, 0.50
1068, 0.54
1069, 0.39
1070, 0.54
1071, 0.54
1072, 0.58
1073, 0.55
1074, 0.35
1075, 0.38
1076, 0.42
1077, 0.50
1078, 0.42
1079, 0.60
1080, 0.56
1081, 0.36
1082, 0.52
1083, 0.49
1084, 0.51
1085, 0.39
1086, 0.52
1087, 0.57
1088, 0.51
1089, 0.55
1090, 0.52
1091, 0.53
1092, 0.57
1093, 0.51
1094, 0.61
1095, 0.53
1096, 0.42
1097, 0.58
1098, 0.50
1099, 0.54
1100, 0.54
1101, 0.47
1102, 0.53
1103, 0.56
1104, 0.55
1105, 0.41
1106, 0.54
1107, 0.46
1108, 0.37
1109, 0.38
1110, 0.53
1111, 0.35
1112, 0.46
1113, 0.55
1114, 0.43
1115, 0.43
1116, 0.48
1117, 0.38
1118, 0.48
1119, 0.58
1120, 0.54
1121, 0.46
1122, 0.51
1123, 0.50
1124, 0.55
1125, 0.54
1126, 0.36
1127, 0.48
1128, 0.57
1129, 0.57
1130, 0.52
1131, 0.54
1132, 0.54
1133, 0.55
1134, 0.53
1135, 0.51
1136, 0.36
1137, 0.58
1138, 0.49
1139, 0.40
1140, 0.38
1141, 0.42
1142, 0.36
1143, 0.51
1144, 0.36
1145, 0.53
1146, 0.43
1147, 0.39
1148, 0.52
1149, 0.59
1150, 0.43
1151, 0.53
1152, 0.54
1153, 0.36
1154, 0.49
1155, 0.56
1156, 0.56
1157, 0.35
1158, 0.37
1159, 0.38
1160, 0.57
1161, 0.46
1162, 0.40
1163, 0.49
1164, 0.59
1165, 0.51
1166, 0.38
1167, 0.51
1168, 0.50
1169, 0.59
1170, 0.51
1171, 0.56
1172, 0.50
1173, 0.46
1174, 0.61
1175, 0.45
1176, 0.41
1177, 0.51
1178, 0.50
1179, 0.48
1180, 0.54
1181, 0.55
1182, 0.54
1183, 0.42
1184, 0.52
1185, 0.54
1186, 0.50
1187, 0.37
1188, 0.49
1189, 0.52
1190, 0.47
1191, 0.60
1192, 0.53
1193, 0.51
1194, 0.40
1195, 0.56
1196, 0.58
1197, 0.39
1198, 0.52
1199, 0.53
1200, 0.55
1201, 0.60
1202, 0.51
1203, 0.56
1204, 0.50
1205, 0.56
1206, 0.56
1207, 0.43
1208, 0.35
1209, 0.39
1210, 0.52
1211, 0.58
1212, 0.51
1213, 0.54
1214, 0.36
1215, 0.58
1216, 0.56
1217, 0.44
1218, 0.59
1219, 0.57
1220, 0.52
1221, 0.58
1222, 0.46
1223, 0.54
1224, 0.42
1225, 0.58
1226, 0.44
1227, 0.47
1228, 0.51
1229, 0.52
1230, 0.56
1231, 0.41
1232, 0.51
1233, 0.49
1234, 0.48
1235, 0.49
1236, 0.53
1237, 0.36
1238, 0.53
1239, 0.52
1240, 0.63
1241, 0.40
1242, 0.60
1243, 0.54
1244, 0.61
1245, 0.55
1246, 0.40
1247, 0.44
1248, 0.55
1249, 0.45
1250, 0.51
1251, 0.56
1252, 0.47
1253, 0.56
1254, 0.44
1255, 0.52
1256, 0.54
1257, 0.36
1258, 0.52
1259, 0.51
1260, 0.40
1261, 0.42
1262, 0.50
1263, 0.58
1264, 0.59
1265, 0.58
1266, 0.52
1267, 0.59
1268, 0.49
1269, 0.45
1270, 0.46
1271, 0.42
1272, 0.54
1273, 0.55
1274, 0.46
1275, 0.59
1276, 0.57
1277, 0.47
1278, 0.59
1279, 0.51
1280, 0.54
1281, 0.58
1282, 0.48
1283, 0.57
1284, 0.49
1285, 0.42
1286, 0.47
1287, 0.51
1288, 0.52
1289, 0.56
1290, 0.59
1291, 0.52
1292, 0.48
1293, 0.52
1294, 0.53
1295, 0.63
1296, 0.56
1297, 0.53
1298, 0.56
1299, 0.54
1300, 0.47
1301, 0.57
1302, 0.45
1303, 0.37
1304, 0.41
1305, 0.40
1306, 0.58
1307, 0.40
1308, 0.53
1309, 0.55
1310, 0.53
1311, 0.42
1312, 0.45
1313, 0.47
1314, 0.49
1315, 0.56
1316, 0.38
1317, 0.42
1318, 0.38
1319, 0.60
1320, 0.58
1321, 0.54
1322, 0.57
1323, 0.50
1324, 0.43
1325, 0.52
1326, 0.39
1327, 0.38
1328, 0.42
1329, 0.45
1330, 0.54
1331, 0.47
1332, 0.37
1333, 0.59
1334, 0.49
1335, 0.42
1336, 0.48
1337, 0.49
1338, 0.52
1339, 0.48
1340, 0.58
1341, 0.49
1342, 0.56
1343, 0.55
1344, 0.52
1345, 0.54
1346, 0.49
1347, 0.53
1348, 0.58
1349, 0.40
1350, 0.39
1351, 0.50
1352, 0.55
1353, 0.55
1354, 0.55
1355, 0.44
1356, 0.49
1357, 0.40
1358, 0.46
1359, 0.40
1360, 0.49
1361, 0.49
1362, 0.53
1363, 0.55
1364, 0.61
1365, 0.51
1366, 0.47
1367, 0.53
1368, 0.58
1369, 0.43
1370, 0.52
1371, 0.42
1372, 0.54
1373, 0.55
1374, 0.37
1375, 0.51
1376, 0.38
1377, 0.35
1378, 0.56
1379, 0.52
1380, 0.38
1381, 0.43
1382, 0.38
1383, 0.54
1384, 0.50
1385, 0.57
1386, 0.57
1387, 0.41
1388, 0.42
1389, 0.50
1390, 0.52
1391, 0.47
1392, 0.48
1393, 0.48
1394, 0.44
1395, 0.47
1396, 0.40
1397, 0.56
1398, 0.50
1399, 0.40
1400, 0.37
1401, 0.50
1402, 0.48
1403, 0.62
1404, 0.43
1405, 0.40
1406, 0.51
1407, 0.52
1408, 0.49
1409, 0.52
1410, 0.56
1411, 0.58
1412, 0.49
1413, 0.37
1414, 0.59
1415, 0.35
1416, 0.56
1417, 0.51
1418, 0.39
1419, 0.36
1420, 0.55
1421, 0.45
1422, 0.37
1423, 0.43
1424, 0.38
1425, 0.55
1426, 0.45
1427, 0.51
1428, 0.60
1429, 0.56
1430, 0.41
1431, 0.42
1432, 0.46
1433, 0.42
1434, 0.53
1435, 0.51
1436, 0.54
1437, 0.56
1438, 0.51
1439, 0.47
1440, 0.57
1441, 0.53
1442, 0.40
1443, 0.48
1444, 0.38
1445, 0.47
1446, 0.55
1447, 0.42
1448, 0.59
1449, 0.51
1450, 0.61
1451, 0.51
1452, 0.42
1453, 0.54
1454, 0.55
1455, 0.49
1456, 0.38
1457, 0.53
1458, 0.56
1459, 0.52
1460, 0.48
1461, 0.52
1462, 0.52
1463, 0.58
1464, 0.55
1465, 0.53
1466, 0.43
1467, 0.39
1468, 0.49
1469, 0.57
1470, 0.57
1471, 0.39
1472, 0.55
1473, 0.45
1474, 0.50
1475, 0.37
1476, 0.42
1477, 0.51
1478, 0.52
1479, 0.48
1480, 0.52
1481, 0.42
1482, 0.58
1483, 0.48
1484, 0.41
1485, 0.52
1486, 0.57
1487, 0.51
1488, 0.42
1489, 0.54
1490, 0.37
1491, 0.46
1492, 0.45
1493, 0.46
1494, 0.52
1495, 0.53
1496, 0.39
1497, 0.37
1498, 0.53
1499, 0.43
1500, 0.49
1501, 0.39
1502, 0.34
1503, 0.37
1504, 0.48
1505, 0.37
1506, 0.40
1507, 0.39
1508, 0.52
1509, 0.35
1510, 0.46
1511, 0.40
1512, 0.46
1513, 0.54
1514, 0.49
1515, 0.43
1516, 0.55
1517, 0.56
1518, 0.54
1519, 0.35
1520, 0.46
1521, 0.52
1522, 0.47
1523, 0.36
1524, 0.49
1525, 0.50
1526, 0.53
1527, 0.52
1528, 0.48
1529, 0.41
1530, 0.35
1531, 0.52
1532, 0.59
1533, 0.52
1534, 0.47
1535, 0.39
1536, 0.39
1537, 0.59
1538, 0.56
1539, 0.36
1540, 0.55
1541, 0.48
1542, 0.60
1543, 0.53
1544, 0.50
1545, 0.55
1546, 0.56
1547, 0.59
1548, 0.47
1549, 0.53
1550, 0.43
1551, 0.36
1552, 0.39
1553, 0.56
1554, 0.42
1555, 0.38
1556, 0.48
1557, 0.50
1558, 0.53
1559, 0.52
1560, 0.53
1561, 0.55
1562, 0.57
1563, 0.35
1564, 0.58
1565, 0.49
1566, 0.37
1567, 0.52
1568, 0.36
1569, 0.53
1570, 0.42
1571, 0.53
1572, 0.54
1573, 0.42
1574, 0.57
1575, 0.53
1576, 0.34
1577, 0.50
1578, 0.51
1579, 0.58
1580, 0.60
1581, 0.53
1582, 0.44
1583, 0.53
1584, 0.42
1585, 0.60
1586, 0.47
1587, 0.51
1588, 0.55
1589, 0.48
1590, 0.57
1591, 0.56
1592, 0.42
1593, 0.50
1594, 0.55
1595, 0.36
1596, 0.56
1597, 0.51
1598, 0.42
1599, 0.47
1600, 0.47
1601, 0.47
1602, 0.55
1603, 0.54
1604, 0.41
1605, 0.36
1606, 0.52
1607, 0.52
1608, 0.51
1609, 0.54
1610, 0.61
1611, 0.55
1612, 0.41
1613, 0.59
1614, 0.49
1615, 0.56
1616, 0.46
1617, 0.36
1618, 0.52
1619, 0.47
1620, 0.54
1621, 0.54
1622, 0.41
1623, 0.50
1624, 0.49
1625, 0.48
1626, 0.52
1627, 0.35
1628, 0.57
1629, 0.45
1630, 0.36
1631, 0.45
1632, 0.53
1633, 0.52
1634, 0.50
1635, 0.42
1636, 0.54
1637, 0.52
1638, 0.54
1639, 0.51
1640, 0.51
1641, 0.38
1642, 0.52
1643, 0.39
1644, 0.60
1645, 0.53
1646, 0.38
1647, 0.54
1648, 0.59
1649, 0.44
1650, 0.35
1651, 0.41
1652, 0.36
1653, 0.53
1654, 0.54
1655, 0.62
1656, 0.42
1657, 0.46
1658, 0.46
1659, 0.51
1660, 0.40
1661, 0.43
1662, 0.60
1663, 0.41
1664, 0.58
1665, 0.37
1666, 0.62
1667, 0.56
1668, 0.36
1669, 0.49
1670, 0.48
1671, 0.52
1672, 0.49
1673, 0.41
1674, 0.55
1675, 0.40
1676, 0.40
1677, 0.39
1678, 0.47
1679, 0.42
1680, 0.39
1681, 0.41
1682, 0.49
1683, 0.37
1684, 0.41
1685, 0.53
1686, 0.54
1687, 0.47
1688, 0.57
1689, 0.36
1690, 0.50
1691, 0.53
1692, 0.55
1693, 0.37
1694, 0.61
1695, 0.53
1696, 0.45
1697, 0.49
1698, 0.40
1699, 0.41
1700, 0.58
1701, 0.60
1702, 0.50
1703, 0.52
1704, 0.57
1705, 0.53
1706, 0.51
1707, 0.53
1708, 0.48
1709, 0.39
1710, 0.49
1711, 0.35
1712, 0.44
1713, 0.55
1714, 0.59
1715, 0.55
1716, 0.55
1717, 0.61
1718, 0.37
1719, 0.42
1720, 0.53
1721, 0.60
1722, 0.36
1723, 0.46
1724, 0.49
1725, 0.51
1726, 0.42
1727, 0.37
1728, 0.53
1729, 0.51
1730, 0.33
1731, 0.38
1732, 0.50
1733, 0.50
1734, 0.60
1735, 0.56
1736, 0.53
1737, 0.45
1738, 0.53
1739, 0.53
1740, 0.38
1741, 0.57
1742, 0.48
1743, 0.58
1744, 0.47
1745, 0.45
1746, 0.42
1747, 0.41
1748, 0.52
1749, 0.53
1750, 0.43
1751, 0.35
1752, 0.50
1753, 0.60
1754, 0.57
1755, 0.53
1756, 0.35
1757, 0.39
1758, 0.52
1759, 0.44
1760, 0.43
1761, 0.46
1762, 0.40
1763, 0.42
1764, 0.51
1765, 0.43
1766, 0.49
1767, 0.49
1768, 0.40
1769, 0.60
1770, 0.53
1771, 0.50
1772, 0.41
1773, 0.61
1774, 0.51
1775, 0.50
1776, 0.40
1777, 0.61
1778, 0.54
1779, 0.56
1780, 0.58
1781, 0.42
1782, 0.59
1783, 0.42
1784, 0.52
1785, 0.48
1786, 0.40
1787, 0.51
1788, 0.48
1789, 0.47
1790, 0.38
1791, 0.38
1792, 0.40
1793, 0.51
1794, 0.38
1795, 0.35
1796, 0.37
1797, 0.41
1798, 0.37
1799, 0.46
1800, 0.59
1801, 0.50
1802, 0.52
1803, 0.44
1804, 0.48
1805, 0.63
1806, 0.54
1807, 0.54
1808, 0.55
1809, 0.54
1810, 0.51
1811, 0.57
1812, 0.61
1813, 0.52
1814, 0.50
1815, 0.49
1816, 0.44
1817, 0.55
1818, 0.41
1819, 0.42
1820, 0.36
1821, 0.37
1822, 0.55
1823, 0.44
1824, 0.57
1825, 0.41
1826, 0.53
1827, 0.54
1828, 0.43
1829, 0.56
1830, 0.55
1831, 0.59
1832, 0.41
1833, 0.51
1834, 0.54
1835, 0.47
1836, 0.49
1837, 0.54
1838, 0.48
1839, 0.38
1840, 0.57
1841, 0.36
1842, 0.42
1843, 0.34
1844, 0.45
1845, 0.52
1846, 0.48
1847, 0.60
1848, 0.40
1849, 0.39
1850, 0.41
1851, 0.47
1852, 0.48
1853, 0.46
1854, 0.55
1855, 0.50
1856, 0.49
1857, 0.45
1858, 0.54
1859, 0.46
1860, 0.39
1861, 0.46
1862, 0.45
1863, 0.38
1864, 0.52
1865, 0.56
1866, 0.48
1867, 0.53
1868, 0.54
1869, 0.56
1870, 0.59
1871, 0.48
1872, 0.45
1873, 0.57
1874, 0.41
1875, 0.50
1876, 0.51
1877, 0.52
1878, 0.41
1879, 0.57
1880, 0.54
1881, 0.42
1882, 0.56
1883, 0.41
1884, 0.50
1885, 0.49
1886, 0.38
1887, 0.35
1888, 0.36
1889, 0.51
1890, 0.52
1891, 0.46
1892, 0.48
1893, 0.50
1894, 0.38
1895, 0.54
1896, 0.57
1897, 0.61
1898, 0.52
1899, 0.41
1900, 0.36
1901, 0.46
1902, 0.61
1903, 0.43
1904, 0.48
1905, 0.51
1906, 0.35
1907, 0.61
1908, 0.57
1909, 0.52
1910, 0.37
1911, 0.44
1912, 0.51
1913, 0.58
1914, 0.35
1915, 0.53
1916, 0.56
1917, 0.53
1918, 0.59
1919, 0.51
1920, 0.44
1921, 0.50
1922, 0.37
1923, 0.36
1924, 0.55
1925, 0.40
1926, 0.44
1927, 0.54
1928, 0.43
1929, 0.48
1930, 0.37
1931, 0.47
1932, 0.38
1933, 0.58
1934, 0.52
1935, 0.43
1936, 0.38
1937, 0.55
1938, 0.52
1939, 0.53
1940, 0.51
1941, 0.46
1942, 0.55
1943, 0.53
1944, 0.47
1945, 0.55
1946, 0.54
1947, 0.37
1948, 0.55
1949, 0.42
1950, 0.56
1951, 0.48
1952, 0.49
1953, 0.36
1954, 0.41
1955, 0.58
1956, 0.55
1957, 0.44
1958, 0.36
1959, 0.42
1960, 0.49
1961, 0.49
1962, 0.53
1963, 0.62
1964, 0.53
1965, 0.52
1966, 0.48
1967, 0.59
1968, 0.58
1969, 0.43
1970, 0.57
1971, 0.52
1972, 0.58
1973, 0.50
1974, 0.57
1975, 0.48
1976, 0.40
1977, 0.39
1978, 0.46
1979, 0.41
1980, 0.52
1981, 0.50
1982, 0.36
1983, 0.56
1984, 0.54
1985, 0.58
1986, 0.38
1987, 0.57
1988, 0.56
1989, 0.47
1990, 0.53
1991, 0.47
1992, 0.48
1993, 0.56
1994, 0.55
1995, 0.59
1996, 0.54
1997, 0.47
1998, 0.49
1999, 0.39
2000, 0.42
2001, 0.35
2002, 0.50
2003, 0.43
2004, 0.37
2005, 0.54
2006, 0.36
2007, 0.54
2008, 0.48
2009, 0.52
2010, 0.50
2011, 0.41
2012, 0.51
2013, 0.55
2014, 0.56
2015, 0.54
2016, 0.55
2017, 0.49
2018, 0.36
2019, 0.50
2020, 0.51
2021, 0.54
2022, 0.46
2023, 0.41
2024, 0.59
2025, 0.45
2026, 0.53
2027, 0.57
2028, 0.48
2029, 0.54
2030, 0.35
2031, 0.36
2032, 0.41
2033, 0.38
2034, 0.40
2035, 0.52
2036, 0.58
2037, 0.40
2038, 0.43
2039, 0.43
2040, 0.58
2041, 0.44
2042, 0.54
2043, 0.51
2044, 0.42
2045, 0.52
2046, 0.58
2047, 0.56
2048, 0.46
2049, 0.59
2050, 0.40
2051, 0.55
2052, 0.53
2053, 0.43
2054, 0.38
2055, 0.59
2056, 0.40
2057, 0.54
2058, 0.46
2059, 0.57
2060, 0.57
2061, 0.44
2062, 0.35
2063, 0.38
2064, 0.59
2065, 0.48
2066, 0.36
2067, 0.48
2068, 0.48
2069, 0.52
2070, 0.42
2071, 0.61
2072, 0.50
2073, 0.41
2074, 0.49
2075, 0.41
2076, 0.60
2077, 0.46
2078, 0.59
2079, 0.48
2080, 0.55
2081, 0.39
2082, 0.52
2083, 0.42
2084, 0.60
2085, 0.37
2086, 0.38
2087, 0.54
2088, 0.55
2089, 0.39
2090, 0.49
2091, 0.60
2092, 0.46
2093, 0.54
2094, 0.52
2095, 0.50
2096, 0.50
2097, 0.42
2098, 0.59
2099, 0.47
2100, 0.39
2101, 0.50
2102, 0.38
2103, 0.48
2104, 0.37
2105, 0.46
2106, 0.40
2107, 0.53
2108, 0.53
2109, 0.46
2110, 0.50
2111, 0.42
2112, 0.58
2113, 0.40
2114, 0.35
2115, 0.50
2116, 0.37
2117, 0.49
2118, 0.36
2119, 0.47
2120, 0.56
2121, 0.42
2122, 0.59
2123, 0.42
2124, 0.48
2125, 0.53
2126, 0.54
2127, 0.58
2128, 0.43
2129, 0.56
2130, 0.50
2131, 0.54
2132, 0.40
2133, 0.47
2134, 0.55
2135, 0.55
2136, 0.50
2137, 0.55
2138, 0.60
2139, 0.52
2140, 0.49
2141, 0.47
2142, 0.52
2143, 0.36
2144, 0.55
2145, 0.46
2146, 0.42
2147, 0.51
2148, 0.38
2149, 0.45
2150, 0.43
2151, 0.54
2152, 0.53
2153, 0.60
2154, 0.55
2155, 0.39
2156, 0.42
2157, 0.48
2158, 0.53
2159, 0.58
2160, 0.45
2161, 0.53
2162, 0.50
2163, 0.37
2164, 0.49
2165, 0.47
2166, 0.58
2167, 0.48
2168, 0.55
2169, 0.46
2170, 0.35
2171, 0.46
2172, 0.40
2173, 0.53
2174, 0.55
2175, 0.37
2176, 0.44
2177, 0.48
2178, 0.56
2179, 0.48
2180, 0.40
2181, 0.44
2182, 0.60
2183, 0.58
2184, 0.43
2185, 0.39
2186, 0.49
2187, 0.53
2188, 0.52
2189, 0.58
2190, 0.37
2191, 0.45
2192, 0.43
2193, 0.46
2194, 0.39
2195, 0.53
2196, 0.43
2197, 0.42
2198, 0.42
2199, 0.43
2200, 0.38
2201, 0.59
2202, 0.57
2203, 0.46
2204, 0.40
2205, 0.61
2206, 0.51
2207, 0.49
2208, 0.53
2209, 0.45
2210, 0.51
2211, 0.54
2212, 0.61
2213, 0.50
2214, 0.45
2215, 0.45
2216, 0.48
2217, 0.44
2218, 0.55
2219, 0.53
2220, 0.56
2221, 0.56
2222, 0.49
2223, 0.59
2224, 0.38
2225, 0.54
2226, 0.50
2227, 0.56
2228, 0.39
2229, 0.49
2230, 0.57
2231, 0.49
2232, 0.38
2233, 0.56
2234, 0.53
2235, 0.54
2236, 0.55
2237, 0.45
2238, 0.36
2239, 0.47
2240, 0.55
2241, 0.47
2242, 0.57
2243, 0.50
2244, 0.48
2245, 0.55
2246, 0.44
2247, 0.57
2248, 0.43
2249, 0.58
2250, 0.61
2251, 0.57
2252, 0.41
2253, 0.49
2254, 0.45
2255, 0.39
2256, 0.52
2257, 0.43
2258, 0.37
2259, 0.36
2260, 0.43
2261, 0.55
2262, 0.53
2263, 0.56
2264, 0.47
2265, 0.53
2266, 0.53
2267, 0.51
2268, 0.57
2269, 0.52
2270, 0.53
2271, 0.57
2272, 0.57
2273, 0.54
2274, 0.40
2275, 0.54
2276, 0.50
2277, 0.41
2278, 0.39
2279, 0.45
2280, 0.51
2281, 0.49
2282, 0.35
2283, 0.45
2284, 0.47
2285, 0.56
2286, 0.55
2287, 0.46
2288, 0.51
2289, 0.44
2290, 0.45
2291, 0.56
2292, 0.55
2293, 0.56
2294, 0.52
2295, 0.54
2296, 0.53
2297, 0.35
2298, 0.56
2299, 0.35
2300, 0.50
2301, 0.49
2302, 0.50
2303, 0.57
2304, 0.47
2305, 0.43
2306, 0.45
2307, 0.51
2308, 0.55
2309, 0.38
2310, 0.50
2311, 0.54
2312, 0.38
2313, 0.42
2314, 0.47
2315, 0.49
2316, 0.54
2317, 0.52
2318, 0.46
2319, 0.41
2320, 0.59
2321, 0.37
2322, 0.44
2323, 0.41
2324, 0.58
2325, 0.52
2326, 0.34
2327, 0.37
2328, 0.50
2329, 0.35
2330, 0.52
2331, 0.54
2332, 0.53
2333, 0.47
2334, 0.38
2335, 0.59
2336, 0.55
2337, 0.58
2338, 0.45
2339, 0.53
2340, 0.50
2341, 0.47
2342, 0.53
2343, 0.61
2344, 0.47
2345, 0.35
2346, 0.54
2347, 0.57
2348, 0.44
2349, 0.43
2350, 0.55
2351, 0.48
2352, 0.59
2353, 0.43
2354, 0.53
2355, 0.36
2356, 0.36
2357, 0.43
2358, 0.56
2359, 0.54
2360, 0.54
2361, 0.45
2362, 0.50
2363, 0.48
2364, 0.40
2365, 0.53
2366, 0.41
2367, 0.36
2368, 0.53
2369, 0.43
2370, 0.38
2371, 0.52
2372, 0.49
2373, 0.57
2374, 0.46
2375, 0.43
2376, 0.46
2377, 0.41
2378, 0.48
2379, 0.57
2380, 0.49
2381, 0.37
2382, 0.44
2383, 0.59
2384, 0.39
2385, 0.41
2386, 0.39
2387, 0.41
2388, 0.59
2389, 0.47
2390, 0.41
2391, 0.48
2392, 0.42
2393, 0.47
2394, 0.34
2395, 0.54
2396, 0.56
2397, 0.48
2398, 0.48
2399, 0.61
2400, 0.55
2401, 0.39
2402, 0.49
2403, 0.59
2404, 0.41
2405, 0.58
2406, 0.39
2407, 0.49
2408, 0.51
2409, 0.35
2410, 0.45
2411, 0.47
2412, 0.37
2413, 0.47
2414, 0.61
2415, 0.43
2416, 0.56
2417, 0.54
2418, 0.58
2419, 0.56
2420, 0.41
2421, 0.54
2422, 0.52
2423, 0.53
2424, 0.53
2425, 0.51
2426, 0.36
2427, 0.52
2428, 0.51
2429, 0.43
2430, 0.52
2431, 0.59
2432, 0.39
2433, 0.38
2434, 0.42
2435, 0.53
2436, 0.54
2437, 0.51
2438, 0.37
2439, 0.48
2440, 0.51
2441, 0.35
2442, 0.45
2443, 0.55
2444, 0.51
2445, 0.55
2446, 0.59
2447, 0.51
2448, 0.48
2449, 0.49
2450, 0.55
2451, 0.50
2452, 0.39
2453, 0.48
2454, 0.59
2455, 0.40
2456, 0.56
2457, 0.58
2458, 0.58
2459, 0.42
2460, 0.38
2461, 0.47
2462, 0.44
2463, 0.46
2464, 0.55
2465, 0.50
2466, 0.49
2467, 0.57
2468, 0.48
2469, 0.53
2470, 0.57
2471, 0.42
2472, 0.54
2473, 0.49
2474, 0.52
2475, 0.59
2476, 0.52
2477, 0.46
2478, 0.58
2479, 0.49
2480, 0.42
2481, 0.40
2482, 0.58
2483, 0.38
2484, 0.55
2485, 0.47
2486, 0.47
2487, 0.44
2488, 0.54
2489, 0.57
2490, 0.47
2491, 0.53
2492, 0.51
2493, 0.55
2494, 0.47
2495, 0.56
2496, 0.36
2497, 0.58
2498, 0.54
2499, 0.56
2500, 0.49
2501, 0.40
2502, 0.41
2503, 0.38
2504, 0.42
2505, 0.50
2506, 0.48
2507, 0.53
2508, 0.55
2509, 0.35
2510, 0.39
2511, 0.54
2512, 0.40
2513, 0.42
2514, 0.54
2515, 0.46
2516, 0.49
2517, 0.50
2518, 0.54
2519, 0.54
2520, 0.51
2521, 0.41
2522, 0.37
2523, 0.51
2524, 0.39
2525, 0.52
2526, 0.37
2527, 0.49
2528, 0.60
2529, 0.61
2530, 0.40
2531, 0.47
2532, 0.43
2533, 0.40
2534, 0.48
2535, 0.38
2536, 0.32
2537, 0.38
2538, 0.54
2539, 0.51
2540, 0.36
2541, 0.53
2542, 0.36
2543, 0.56
2544, 0.51
2545, 0.48
2546, 0.37
2547, 0.49
2548, 0.58
2549, 0.49
2550, 0.62
2551, 0.54
2552, 0.58
2553, 0.55
2554, 0.39
2555, 0.41
2556, 0.39
2557, 0.41
2558, 0.51
2559, 0.38
2560, 0.39
2561, 0.41
2562, 0.51
2563, 0.51
2564, 0.42
2565, 0.50
2566, 0.58
2567, 0.37
2568, 0.43
2569, 0.48
2570, 0.45
2571, 0.42
2572, 0.43
2573, 0.41
2574, 0.53
2575, 0.47
2576, 0.49
2577, 0.54
2578, 0.47
2579, 0.60
2580, 0.45
2581, 0.57
2582, 0.50
2583, 0.37
2584, 0.47
2585, 0.40
2586, 0.57
2587, 0.57
2588, 0.51
2589, 0.58
2590, 0.49
2591, 0.57
2592, 0.51
2593, 0.35
2594, 0.45
2595, 0.50
2596, 0.41
2597, 0.51
2598, 0.44
2599, 0.44
2600, 0.53
2601, 0.48
2602, 0.58
2603, 0.60
2604, 0.42
2605, 0.49
2606, 0.56
2607, 0.49
2608, 0.59
2609, 0.44
2610, 0.43
2611, 0.56
2612, 0.38
2613, 0.35
2614, 0.52
2615, 0.55
2616, 0.59
2617, 0.53
2618, 0.51
2619, 0.45
2620, 0.37
2621, 0.56
2622, 0.40
2623, 0.55
2624, 0.47
2625, 0.52
2626, 0.46
2627, 0.51
2628, 0.53
2629, 0.45
2630, 0.56
2631, 0.56
2632, 0.55
2633, 0.43
2634, 0.42
2635, 0.41
2636, 0.43
2637, 0.37
2638, 0.46
2639, 0.58
2640, 0.49
2641, 0.51
2642, 0.61
2643, 0.56
2644, 0.36
2645, 0.48
2646, 0.52
2647, 0.38
2648, 0.54
2649, 0.57
2650, 0.49
2651, 0.53
2652, 0.49
2653, 0.36
2654, 0.61
2655, 0.52
2656, 0.55
2657, 0.53
2658, 0.59
2659, 0.40
2660, 0.49
2661, 0.39
2662, 0.54
2663, 0.58
2664, 0.41
2665, 0.53
2666, 0.52
2667, 0.47
2668, 0.57
2669, 0.37
2670, 0.55
2671, 0.46
2672, 0.47
2673, 0.35
2674, 0.42
2675, 0.53
2676, 0.38
2677, 0.48
2678, 0.42
2679, 0.37
2680, 0.51
2681, 0.46
2682, 0.41
2683, 0.45
2684, 0.41
2685, 0.57
2686, 0.58
2687, 0.48
2688, 0.46
2689, 0.56
2690, 0.49
2691, 0.58
2692, 0.49
2693, 0.52
2694, 0.53
2695, 0.36
2696, 0.39
2697, 0.45
2698, 0.47
2699, 0.51
2700, 0.41
2701, 0.46
2702, 0.51
2703, 0.47
2704, 0.56
2705, 0.52
2706, 0.41
2707, 0.58
2708, 0.48
2709, 0.57
2710, 0.47
2711, 0.43
2712, 0.42
2713, 0.49
2714, 0.42
2715, 0.35
2716, 0.40
2717, 0.51
2718, 0.46
2719, 0.41
2720, 0.61
2721, 0.51
2722, 0.59
2723, 0.42
2724, 0.38
2725, 0.43
2726, 0.54
2727, 0.52
2728, 0.39
2729, 0.56
2730, 0.47
2731, 0.56
2732, 0.49
2733, 0.41
2734, 0.52
2735, 0.49
2736, 0.55
2737, 0.35
2738, 0.38
2739, 0.55
2740, 0.49
2741, 0.48
2742, 0.53
2743, 0.42
2744, 0.35
2745, 0.56
2746, 0.62
2747, 0.35
2748, 0.47
2749, 0.43
2750, 0.51
2751, 0.38
2752, 0.52
2753, 0.51
2754, 0.48
2755, 0.47
2756, 0.52
2757, 0.44
2758, 0.51
2759, 0.55
2760, 0.54
2761, 0.39
2762, 0.51
2763, 0.39
2764, 0.56
2765, 0.49
2766, 0.34
2767, 0.59
2768, 0.50
2769, 0.40
2770, 0.56
2771, 0.48
2772, 0.60
2773, 0.49
2774, 0.53
2775, 0.47
2776, 0.56
2777, 0.59
2778, 0.61
2779, 0.48
2780, 0.54
2781, 0.50
2782, 0.44
2783, 0.54
2784, 0.56
2785, 0.59
2786, 0.56
2787, 0.47
2788, 0.60
2789, 0.53
2790, 0.59
2791, 0.59
2792, 0.36
2793, 0.50
2794, 0.53
2795, 0.36
2796, 0.35
2797, 0.55
2798, 0.39
2799, 0.39
2800, 0.51
2801, 0.56
2802, 0.39
2803, 0.55
2804, 0.49
2805, 0.52
2806, 0.47
2807, 0.49
2808, 0.53
2809, 0.45
2810, 0.41
2811, 0.53
2812, 0.41
2813, 0.46
2814, 0.61
2815, 0.57
2816, 0.51
2817, 0.47
2818, 0.46
2819, 0.35
2820, 0.58
2821, 0.49
2822, 0.34
2823, 0.54
2824, 0.54
2825, 0.50
2826, 0.59
2827, 0.50
2828, 0.56
2829, 0.39
2830, 0.37
2831, 0.54
2832, 0.52
2833, 0.54
2834, 0.46
2835, 0.46
2836, 0.48
2837, 0.43
2838, 0.52
2839, 0.53
2840, 0.54
2841, 0.43
2842, 0.38
2843, 0.61
2844, 0.59
2845, 0.42
2846, 0.56
2847, 0.53
2848, 0.59
2849, 0.54
2850, 0.51
2851, 0.52
2852, 0.38
2853, 0.52
2854, 0.54
2855, 0.38
2856, 0.51
2857, 0.57
2858, 0.56
2859, 0.52
2860, 0.46
2861, 0.34
2862, 0.61
2863, 0.45
2864, 0.54
2865, 0.53
2866, 0.59
2867, 0.39
2868, 0.54
2869, 0.54
2870, 0.48
2871, 0.40
2872, 0.62
2873, 0.54
2874, 0.44
2875, 0.52
2876, 0.40
2877, 0.38
2878, 0.53
2879, 0.39
2880, 0.39
2881, 0.56
2882, 0.57
2883, 0.36
2884, 0.53
2885, 0.38
2886, 0.50
2887, 0.53
2888, 0.40
2889, 0.50
2890, 0.44
2891, 0.44
2892, 0.46
2893, 0.40
2894, 0.56
2895, 0.53
2896, 0.60
2897, 0.37
2898, 0.51
2899, 0.43
2900, 0.51
2901, 0.46
2902, 0.52
2903, 0.52
2904, 0.58
2905, 0.49
2906, 0.59
2907, 0.55
2908, 0.36
2909, 0.44
2910, 0.50
2911, 0.61
2912, 0.43
2913, 0.39
2914, 0.57
2915, 0.40
2916, 0.38
2917, 0.52
2918, 0.40
2919, 0.39
2920, 0.38
2921, 0.53
2922, 0.55
2923, 0.52
2924, 0.41
2925, 0.56
2926, 0.42
2927, 0.47
2928, 0.52
2929, 0.49
2930, 0.47
2931, 0.57
2932, 0.46
2933, 0.56
2934, 0.49
2935, 0.55
2936, 0.40
2937, 0.47
2938, 0.38
2939, 0.34
2940, 0.51
2941, 0.55
2942, 0.54
2943, 0.51
2944, 0.58
2945, 0.48
2946, 0.57
2947, 0.47
2948, 0.54
2949, 0.41
2950, 0.38
2951, 0.48
2952, 0.38
2953, 0.41
2954, 0.54
2955, 0.54
2956, 0.47
2957, 0.53
2958, 0.57
2959, 0.44
2960, 0.52
2961, 0.37
2962, 0.48
2963, 0.51
2964, 0.52
2965, 0.49
2966, 0.43
2967, 0.49
2968, 0.57
2969, 0.47
2970, 0.61
2971, 0.55
2972, 0.55
2973, 0.54
2974, 0.47
2975, 0.43
2976, 0.61
2977, 0.60
2978, 0.54
2979, 0.55
2980, 0.54
2981, 0.58
2982, 0.56
2983, 0.49
2984, 0.42
2985, 0.55
2986, 0.44
2987, 0.36
2988, 0.52
2989, 0.33
2990, 0.54
2991, 0.43
2992, 0.39
2993, 0.38
2994, 0.40
2995, 0.54
2996, 0.50
2997, 0.42
2998, 0.39
2999, 0.42
3000, 0.49
3001, 0.57
3002, 0.41
3003, 0.55
3004, 0.52
3005, 0.55
3006, 0.53
3007, 0.52
3008, 0.50
3009, 0.52
3010, 0.39
3011, 0.54
3012, 0.42
3013, 0.56
3014, 0.56
3015, 0.60
3016, 0.36
3017, 0.58
3018, 0.43
3019, 0.52
3020, 0.50
3021, 0.57
3022, 0.59
3023, 0.38
3024, 0.54
3025, 0.53
3026, 0.49
3027, 0.52
3028, 0.54
3029, 0.53
3030, 0.54
3031, 0.54
3032, 0.52
3033, 0.54
3034, 0.53
3035, 0.57
3036, 0.43
3037, 0.42
3038, 0.50
3039, 0.52
3040, 0.57
3041, 0.41
3042, 0.38
3043, 0.37
3044, 0.48
3045, 0.49
3046, 0.45
3047, 0.48
3048, 0.39
3049, 0.55
3050, 0.38
3051, 0.45
3052, 0.59
3053, 0.48
3054, 0.42
3055, 0.37
3056, 0.54
3057, 0.42
3058, 0.51
3059, 0.47
3060, 0.51
3061, 0.54
3062, 0.40
3063, 0.54
3064, 0.46
3065, 0.55
3066, 0.41
3067, 0.61
3068, 0.45
3069, 0.39
3070, 0.56
3071, 0.53
3072, 0.47
3073, 0.55
3074, 0.59
3075, 0.57
3076, 0.54
3077, 0.42
3078, 0.39
3079, 0.41
3080, 0.38
3081, 0.57
3082, 0.52
3083, 0.36
3084, 0.42
3085, 0.56
3086, 0.54
3087, 0.64
3088, 0.61
3089, 0.54
3090, 0.48
3091, 0.45
3092, 0.45
3093, 0.57
3094, 0.41
3095, 0.52
3096, 0.55
3097, 0.53
3098, 0.39
3099, 0.53
3100, 0.48
3101, 0.40
3102, 0.51
3103, 0.57
3104, 0.54
3105, 0.53
3106, 0.35
3107, 0.46
3108, 0.59
3109, 0.48
3110, 0.58
3111, 0.52
3112, 0.46
3113, 0.43
3114, 0.55
3115, 0.49
3116, 0.37
3117, 0.62
3118, 0.49
3119, 0.43
3120, 0.36
3121, 0.38
3122, 0.51
3123, 0.53
3124, 0.59
3125, 0.57
3126, 0.52
3127, 0.52
3128, 0.40
3129, 0.57
3130, 0.55
3131, 0.46
3132, 0.39
3133, 0.37
3134, 0.51
3135, 0.42
3136, 0.54
3137, 0.53
3138, 0.54
3139, 0.52
3140, 0.43
3141, 0.43
3142, 0.54
3143, 0.57
3144, 0.52
3145, 0.49
3146, 0.52
3147, 0.39
3148, 0.56
3149, 0.54
3150, 0.39
3151, 0.35
3152, 0.48
3153, 0.52
3154, 0.59
3155, 0.39
3156, 0.51
3157, 0.60
3158, 0.51
3159, 0.51
3160, 0.46
3161, 0.40
3162, 0.38
3163, 0.55
3164, 0.56
3165, 0.50
3166, 0.56
3167, 0.54
3168, 0.56
3169, 0.42
3170, 0.52
3171, 0.40
3172, 0.50
3173, 0.51
3174, 0.42
3175, 0.54
3176, 0.51
3177, 0.58
3178, 0.55
3179, 0.47
3180, 0.52
3181, 0.54
3182, 0.41
3183, 0.52
3184, 0.57
3185, 0.53
3186, 0.39
3187, 0.58
3188, 0.55
3189, 0.60
3190, 0.48
3191, 0.51
3192, 0.49
3193, 0.33
3194, 0.61
3195, 0.39
3196, 0.58
3197, 0.43
3198, 0.56
3199, 0.53
3200, 0.48
3201, 0.52
3202, 0.36
3203, 0.41
3204, 0.56
3205, 0.49
3206, 0.47
3207, 0.49
3208, 0.57
3209, 0.41
3210, 0.47
3211, 0.51
3212, 0.47
3213, 0.51
3214, 0.62
3215, 0.55
3216, 0.41
3217, 0.49
3218, 0.47
3219, 0.50
3220, 0.36
3221, 0.42
3222, 0.53
3223, 0.57
3224, 0.38
3225, 0.40
3226, 0.52
3227, 0.61
3228, 0.43
3229, 0.41
3230, 0.53
3231, 0.37
3232, 0.44
3233, 0.64
3234, 0.58
3235, 0.58
3236, 0.53
3237, 0.41
3238, 0.49
3239, 0.45
3240, 0.35
3241, 0.47
3242, 0.36
3243, 0.50
3244, 0.50
3245, 0.57
3246, 0.51
3247, 0.50
3248, 0.58
3249, 0.57
3250, 0.48
3251, 0.47
3252, 0.42
3253, 0.40
3254, 0.52
3255, 0.48
3256, 0.39
3257, 0.44
3258, 0.53
3259, 0.60
3260, 0.51
3261, 0.39
3262, 0.40
3263, 0.42
3264, 0.55
3265, 0.54
3266, 0.51
3267, 0.39
3268, 0.50
3269, 0.44
3270, 0.57
3271, 0.49
3272, 0.42
3273, 0.52
3274, 0.55
3275, 0.42
3276, 0.53
3277, 0.35
3278, 0.38
3279, 0.50
3280, 0.60
3281, 0.36
3282, 0.53
3283, 0.50
3284, 0.53
3285, 0.55
3286, 0.39
3287, 0.58
3288, 0.45
3289, 0.59
3290, 0.57
3291, 0.47
3292, 0.55
3293, 0.58
3294, 0.41
3295, 0.40
3296, 0.54
3297, 0.37
3298, 0.40
3299, 0.52
3300, 0.48
3301, 0.39
3302, 0.60
3303, 0.37
3304, 0.43
3305, 0.60
3306, 0.48
3307, 0.60
3308, 0.59
3309, 0.57
3310, 0.47
3311, 0.50
3312, 0.60
3313, 0.46
3314, 0.41
3315, 0.49
3316, 0.53
3317, 0.60
3318, 0.38
3319, 0.41
3320, 0.58
3321, 0.33
3322, 0.59
3323, 0.59
3324, 0.52
3325, 0.46
3326, 0.54
3327, 0.53
3328, 0.50
3329, 0.38
3330, 0.48
3331, 0.62
3332, 0.46
3333, 0.54
3334, 0.40
3335, 0.55
3336, 0.50
3337, 0.52
3338, 0.52
3339, 0.48
3340, 0.57
3341, 0.56
3342, 0.35
3343, 0.48
3344, 0.57
3345, 0.55
3346, 0.39
3347, 0.49
3348, 0.45
3349, 0.54
3350, 0.54
3351, 0.55
3352, 0.43
3353, 0.51
3354, 0.45
3355, 0.37
3356, 0.51
3357, 0.57
3358, 0.35
3359, 0.60
3360, 0.49
3361, 0.40
3362, 0.43
3363, 0.40
3364, 0.37
3365, 0.57
3366, 0.50
3367, 0.46
3368, 0.35
3369, 0.44
3370, 0.47
3371, 0.53
3372, 0.51
3373, 0.52
3374, 0.56
3375, 0.53
3376, 0.48
3377, 0.50
3378, 0.41
3379, 0.35
3380, 0.58
3381, 0.48
3382, 0.44
3383, 0.49
3384, 0.37
3385, 0.53
3386, 0.47
3387, 0.51
3388, 0.39
3389, 0.59
3390, 0.52
3391, 0.45
3392, 0.55
3393, 0.48
3394, 0.44
3395, 0.53
3396, 0.58
3397, 0.40
3398, 0.55
3399, 0.49
3400, 0.49
3401, 0.60
3402, 0.41
3403, 0.49
3404, 0.51
3405, 0.54
3406, 0.49
3407, 0.57
3408, 0.54
3409, 0.54
3410, 0.42
3411, 0.56
3412, 0.43
3413, 0.47
3414, 0.52
3415, 0.60
3416, 0.53
3417, 0.42
3418, 0.49
3419, 0.35
3420, 0.52
3421, 0.35
3422, 0.55
3423, 0.45
3424, 0.41
3425, 0.49
3426, 0.58
3427, 0.52
3428, 0.53
3429, 0.48
3430, 0.38
3431, 0.53
3432, 0.55
3433, 0.42
3434, 0.56
3435, 0.42
3436, 0.50
3437, 0.49
3438, 0.41
3439, 0.50
3440, 0.49
3441, 0.39
3442, 0.54
3443, 0.43
3444, 0.39
3445, 0.47
3446, 0.52
3447, 0.55
3448, 0.43
3449, 0.37
3450, 0.41
3451, 0.38
3452, 0.43
3453, 0.55
3454, 0.60
3455, 0.56
3456, 0.55
3457, 0.58
3458, 0.40
3459, 0.42
3460, 0.45
3461, 0.53
3462, 0.56
3463, 0.51
3464, 0.54
3465, 0.37
3466, 0.55
3467, 0.55
3468, 0.47
3469, 0.50
3470, 0.36
3471, 0.45
3472, 0.48
3473, 0.54
3474, 0.55
3475, 0.51
3476, 0.52
3477, 0.36
3478, 0.57
3479, 0.48
3480, 0.62
3481, 0.38
3482, 0.54
3483, 0.56
3484, 0.52
3485, 0.48
3486, 0.46
3487, 0.47
3488, 0.50
3489, 0.51
3490, 0.57
3491, 0.39
3492, 0.52
3493, 0.48
3494, 0.52
3495, 0.50
3496, 0.55
3497, 0.48
3498, 0.52
3499, 0.54
3500, 0.55
3501, 0.40
3502, 0.52
3503, 0.50
3504, 0.36
3505, 0.47
3506, 0.36
3507, 0.48
3508, 0.47
3509, 0.43
3510, 0.55
3511, 0.59
3512, 0.36
3513, 0.47
3514, 0.56
3515, 0.48
3516, 0.48
3517, 0.53
3518, 0.43
3519, 0.49
3520, 0.37
3521, 0.37
3522, 0.49
3523, 0.51
3524, 0.43
3525, 0.55
3526, 0.59
3527, 0.36
3528, 0.53
3529, 0.42
3530, 0.43
3531, 0.59
3532, 0.52
3533, 0.39
3534, 0.37
3535, 0.37
3536, 0.46
3537, 0.52
3538, 0.48
3539, 0.53
3540, 0.49
3541, 0.49
3542, 0.51
3543, 0.40
3544, 0.41
3545, 0.58
3546, 0.49
3547, 0.53
3548, 0.53
3549, 0.37
3550, 0.39
3551, 0.48
3552, 0.57
3553, 0.46
3554, 0.59
3555, 0.39
3556, 0.52
3557, 0.39
3558, 0.55
3559, 0.49
3560, 0.53
3561, 0.54
3562, 0.48
3563, 0.36
3564, 0.35
3565, 0.50
3566, 0.59
3567, 0.54
3568, 0.55
3569, 0.47
3570, 0.52
3571, 0.51
3572, 0.38
3573, 0.56
3574, 0.46
3575, 0.43
3576, 0.35
3577, 0.55
3578, 0.45
3579, 0.37
3580, 0.45
3581, 0.64
3582, 0.41
3583, 0.39
3584, 0.53
3585, 0.42
3586, 0.37
3587, 0.47
3588, 0.53
3589, 0.40
3590, 0.46
3591, 0.41
3592, 0.47
3593, 0.41
3594, 0.47
3595, 0.44
3596, 0.40
3597, 0.56
3598, 0.44
3599, 0.55
3600, 0.53
3601, 0.38
3602, 0.35
3603, 0.58
3604, 0.46
3605, 0.38
3606, 0.46
3607, 0.35
3608, 0.57
3609, 0.41
3610, 0.46
3611, 0.55
3612, 0.38
3613, 0.58
3614, 0.51
3615, 0.54
3616, 0.56
3617, 0.56
3618, 0.53
3619, 0.57
3620, 0.59
3621, 0.53
3622, 0.59
3623, 0.47
3624, 0.35
3625, 0.55
3626, 0.55
3627, 0.52
3628, 0.57
3629, 0.54
3630, 0.58
3631, 0.48
3632, 0.59
3633, 0.47
3634, 0.51
3635, 0.56
3636, 0.45
3637, 0.50
3638, 0.62
3639, 0.39
3640, 0.38
3641, 0.43
3642, 0.46
3643, 0.52
3644, 0.54
3645, 0.56
3646, 0.49
3647, 0.47
3648, 0.52
3649, 0.56
3650, 0.58
3651, 0.53
3652, 0.57
3653, 0.55
3654, 0.58
3655, 0.41
3656, 0.38
3657, 0.38
3658, 0.42
3659, 0.55
3660, 0.40
3661, 0.55
3662, 0.49
3663, 0.50
3664, 0.57
3665, 0.52
3666, 0.58
3667, 0.39
3668, 0.57
3669, 0.39
3670, 0.35
3671, 0.58
3672, 0.44
3673, 0.59
3674, 0.59
3675, 0.36
3676, 0.48
3677, 0.47
3678, 0.53
3679, 0.41
3680, 0.37
3681, 0.47
3682, 0.43
3683, 0.59
3684, 0.55
3685, 0.49
3686, 0.44
3687, 0.56
3688, 0.48
3689, 0.56
3690, 0.52
3691, 0.51
3692, 0.50
3693, 0.51
3694, 0.52
3695, 0.38
3696, 0.37
3697, 0.55
3698, 0.49
3699, 0.53
3700, 0.53
3701, 0.57
3702, 0.63
3703, 0.57
3704, 0.51
3705, 0.61
3706, 0.39
3707, 0.55
3708, 0.53
3709, 0.43
3710, 0.48
3711, 0.60
3712, 0.59
3713, 0.48
3714, 0.48
3715, 0.58
3716, 0.44
3717, 0.48
3718, 0.61
3719, 0.51
3720, 0.52
3721, 0.43
3722, 0.60
3723, 0.40
3724, 0.50
3725, 0.42
3726, 0.50
3727, 0.40
3728, 0.47
3729, 0.47
3730, 0.51
3731, 0.41
3732, 0.44
3733, 0.55
3734, 0.41
3735, 0.40
3736, 0.46
3737, 0.53
3738, 0.36
3739, 0.43
3740, 0.48
3741, 0.46
3742, 0.50
3743, 0.47
3744, 0.46
3745, 0.43
3746, 0.44
3747, 0.56
3748, 0.55
3749, 0.51
3750, 0.39
3751, 0.36
3752, 0.44
3753, 0.58
3754, 0.52
3755, 0.45
3756, 0.58
3757, 0.42
3758, 0.55
3759, 0.43
3760, 0.44
3761, 0.36
3762, 0.41
3763, 0.52
3764, 0.36
3765, 0.54
3766, 0.55
3767, 0.41
3768, 0.49
3769, 0.52
3770, 0.49
3771, 0.42
3772, 0.48
3773, 0.43
3774, 0.52
3775, 0.61
3776, 0.57
3777, 0.35
3778, 0.37
3779, 0.55
3780, 0.43
3781, 0.42
3782, 0.52
3783, 0.48
3784, 0.45
3785, 0.44
3786, 0.54
3787, 0.41
3788, 0.50
3789, 0.53
3790, 0.52
3791, 0.40
3792, 0.41
3793, 0.51
3794, 0.38
3795, 0.50
3796, 0.56
3797, 0.48
3798, 0.53
3799, 0.45
3800, 0.52
3801, 0.44
3802, 0.44
3803, 0.51
3804, 0.59
3805, 0.43
3806, 0.54
3807, 0.60
3808, 0.54
3809, 0.46
3810, 0.52
3811, 0.56
3812, 0.53
3813, 0.39
3814, 0.50
3815, 0.52
3816, 0.50
3817, 0.40
3818, 0.39
3819, 0.37
3820, 0.55
3821, 0.56
3822, 0.35
3823, 0.49
3824, 0.35
3825, 0.54
3826, 0.52
3827, 0.40
3828, 0.41
3829, 0.58
3830, 0.58
3831, 0.39
3832, 0.49
3833, 0.39
3834, 0.54
3835, 0.37
3836, 0.60
3837, 0.62
3838, 0.44
3839, 0.49
3840, 0.47
3841, 0.53
3842, 0.57
3843, 0.42
3844, 0.35
3845, 0.35
3846, 0.47
3847, 0.44
3848, 0.34
3849, 0.42
3850, 0.40
3851, 0.55
3852, 0.56
3853, 0.60
3854, 0.42
3855, 0.42
3856, 0.43
3857, 0.43
3858, 0.57
3859, 0.48
3860, 0.42
3861, 0.50
3862, 0.44
3863, 0.41
3864, 0.52
3865, 0.40
3866, 0.52
3867, 0.41
3868, 0.51
3869, 0.49
3870, 0.48
3871, 0.51
3872, 0.57
3873, 0.53
3874, 0.63
3875, 0.43
3876, 0.50
3877, 0.35
3878, 0.41
3879, 0.56
3880, 0.45
3881, 0.43
3882, 0.46
3883, 0.55
3884, 0.51
3885, 0.36
3886, 0.42
3887, 0.39
3888, 0.62
3889, 0.47
3890, 0.46
3891, 0.54
3892, 0.58
3893, 0.53
3894, 0.52
3895, 0.53
3896, 0.41
3897, 0.45
3898, 0.51
3899, 0.53
3900, 0.51
3901, 0.53
3902, 0.56
3903, 0.58
3904, 0.56
3905, 0.43
3906, 0.54
3907, 0.47
3908, 0.54
3909, 0.42
3910, 0.53
3911, 0.46
3912, 0.42
3913, 0.34
3914, 0.39
3915, 0.39
3916, 0.35
3917, 0.35
3918, 0.53
3919, 0.50
3920, 0.40
3921, 0.39
3922, 0.51
3923, 0.55
3924, 0.47
3925, 0.54
3926, 0.42
3927, 0.51
3928, 0.54
3929, 0.51
3930, 0.58
3931, 0.60
3932, 0.51
3933, 0.55
3934, 0.53
3935, 0.40
3936, 0.53
3937, 0.50
3938, 0.42
3939, 0.45
3940, 0.55
3941, 0.53
3942, 0.55
3943, 0.39
3944, 0.56
3945, 0.49
3946, 0.58
3947, 0.56
3948, 0.45
3949, 0.39
3950, 0.42
3951, 0.54
3952, 0.58
3953, 0.54
3954, 0.52
3955, 0.37
3956, 0.38
3957, 0.45
3958, 0.53
3959, 0.52
3960, 0.55
3961, 0.42
3962, 0.59
3963, 0.40
3964, 0.57
3965, 0.37
3966, 0.44
3967, 0.51
3968, 0.37
3969, 0.38
3970, 0.43
3971, 0.42
3972, 0.38
3973, 0.52
3974, 0.54
3975, 0.41
3976, 0.62
3977, 0.54
3978, 0.42
3979, 0.39
3980, 0.48
3981, 0.46
3982, 0.39
3983, 0.46
3984, 0.56
3985, 0.58
3986, 0.53
3987, 0.35
3988, 0.43
3989, 0.38
3990, 0.48
3991, 0.49
3992, 0.55
3993, 0.44
3994, 0.44
3995, 0.53
3996, 0.36
3997, 0.34
3998, 0.52
3999, 0.41
4000, 0.38
4001, 0.44
4002, 0.54
4003, 0.63
4004, 0.56
4005, 0.54
4006, 0.35
4007, 0.48
4008, 0.53
4009, 0.49
4010, 0.41
4011, 0.42
4012, 0.56
4013, 0.51
4014, 0.54
4015, 0.62
4016, 0.50
4017, 0.48
4018, 0.50
4019, 0.52
4020, 0.52
4021, 0.45
4022, 0.42
4023, 0.59
4024, 0.37
4025, 0.38
4026, 0.58
4027, 0.42
4028, 0.53
4029, 0.46
4030, 0.39
4031, 0.48
4032, 0.51
4033, 0.53
4034, 0.42
4035, 0.59
4036, 0.56
4037, 0.47
4038, 0.39
4039, 0.40
4040, 0.45
4041, 0.38
4042, 0.37
4043, 0.61
4044, 0.56
4045, 0.38
4046, 0.48
4047, 0.36
4048, 0.50
4049, 0.46
4050, 0.53
4051, 0.38
4052, 0.49
4053, 0.47
4054, 0.55
4055, 0.54
4056, 0.47
4057, 0.51
4058, 0.55
4059, 0.50
4060, 0.41
4061, 0.37
4062, 0.53
4063, 0.43
4064, 0.46
4065, 0.44
4066, 0.42
4067, 0.42
4068, 0.50
4069, 0.52
4070, 0.38
4071, 0.48
4072, 0.51
4073, 0.61
4074, 0.53
4075, 0.60
4076, 0.47
4077, 0.40
4078, 0.50
4079, 0.60
4080, 0.56
4081, 0.52
4082, 0.54
4083, 0.57
4084, 0.50
4085, 0.60
4086, 0.37
4087, 0.48
4088, 0.49
4089, 0.50
4090, 0.57
4091, 0.52
4092, 0.60
4093, 0.38
4094, 0.49
4095, 0.59
4096, 0.56
4097, 0.43
4098, 0.50
4099, 0.47
4100, 0.35
4101, 0.55
4102, 0.57
4103, 0.56
4104, 0.47
4105, 0.47
4106, 0.52
4107, 0.40
4108, 0.57
4109, 0.36
4110, 0.55
4111, 0.50
4112, 0.54
4113, 0.58
4114, 0.60
4115, 0.54
4116, 0.49
4117, 0.52
4118, 0.50
4119, 0.50
4120, 0.54
4121, 0.39
4122, 0.39
4123, 0.51
4124, 0.40
4125, 0.54
4126, 0.37
4127, 0.50
4128, 0.51
4129, 0.38
4130, 0.41
4131, 0.50
4132, 0.50
4133, 0.59
4134, 0.45
4135, 0.50
4136, 0.43
4137, 0.50
4138, 0.35
4139, 0.39
4140, 0.59
4141, 0.56
4142, 0.48
4143, 0.51
4144, 0.35
4145, 0.54
4146, 0.37
4147, 0.44
4148, 0.44
4149, 0.57
4150, 0.51
4151, 0.49
4152, 0.50
4153, 0.42
4154, 0.50
4155, 0.59
4156, 0.49
4157, 0.54
4158, 0.52
4159, 0.50
4160, 0.36
4161, 0.47
4162, 0.42
4163, 0.58
4164, 0.56
4165, 0.40
4166, 0.50
4167, 0.39
4168, 0.51
4169, 0.40
4170, 0.40
4171, 0.39
4172, 0.53
4173, 0.49
4174, 0.40
4175, 0.56
4176, 0.59
4177, 0.55
4178, 0.53
4179, 0.39
4180, 0.51
4181, 0.52
4182, 0.56
4183, 0.50
4184, 0.51
4185, 0.45
4186, 0.54
4187, 0.55
4188, 0.53
4189, 0.47
4190, 0.36
4191, 0.48
4192, 0.51
4193, 0.59
4194, 0.42
4195, 0.42
4196, 0.39
4197, 0.45
4198, 0.43
4199, 0.61
4200, 0.54
4201, 0.35
4202, 0.51
4203, 0.43
4204, 0.40
4205, 0.36
4206, 0.61
4207, 0.54
4208, 0.57
4209, 0.49
4210, 0.40
4211, 0.51
4212, 0.43
4213, 0.46
4214, 0.36
4215, 0.51
4216, 0.46
4217, 0.55
4218, 0.61
4219, 0.48
4220, 0.52
4221, 0.53
4222, 0.53
4223, 0.37
4224, 0.42
4225, 0.42
4226, 0.42
4227, 0.37
4228, 0.39
4229, 0.41
4230, 0.53
4231, 0.54
4232, 0.58
4233, 0.40
4234, 0.50
4235, 0.49
4236, 0.56
4237, 0.35
4238, 0.50
4239, 0.60
4240, 0.52
4241, 0.60
4242, 0.59
4243, 0.58
4244, 0.50
4245, 0.37
4246, 0.34
4247, 0.55
4248, 0.52
4249, 0.46
4250, 0.45
4251, 0.53
4252, 0.43
4253, 0.48
4254, 0.53
4255, 0.49
4256, 0.50
4257, 0.59
4258, 0.56
4259, 0.44
4260, 0.50
4261, 0.42
4262, 0.37
4263, 0.55
4264, 0.61
4265, 0.47
4266, 0.49
4267, 0.50
4268, 0.38
4269, 0.53
4270, 0.49
4271, 0.40
4272, 0.57
4273, 0.43
4274, 0.55
4275, 0.38
4276, 0.60
4277, 0.45
4278, 0.35
4279, 0.39
4280, 0.60
4281, 0.40
4282, 0.42
4283, 0.53
4284, 0.47
4285, 0.54
4286, 0.57
4287, 0.56
4288, 0.50
4289, 0.36
4290, 0.54
4291, 0.53
4292, 0.43
4293, 0.41
4294, 0.49
4295, 0.41
4296, 0.50
4297, 0.35
4298, 0.58
4299, 0.35
4300, 0.54
4301, 0.60
4302, 0.52
4303, 0.60
4304, 0.53
4305, 0.51
4306, 0.55
4307, 0.49
4308, 0.54
4309, 0.49
4310, 0.43
4311, 0.36
4312, 0.60
4313, 0.57
4314, 0.58
4315, 0.39
4316, 0.53
4317, 0.36
4318, 0.55
4319, 0.41
4320, 0.51
4321, 0.49
4322, 0.49
4323, 0.53
4324, 0.50
4325, 0.61
4326, 0.41
4327, 0.51
4328, 0.53
4329, 0.52
4330, 0.53
4331, 0.49
4332, 0.51
4333, 0.43
4334, 0.51
4335, 0.55
4336, 0.52
4337, 0.38
4338, 0.54
4339, 0.50
4340, 0.40
4341, 0.61
4342, 0.56
4343, 0.39
4344, 0.59
4345, 0.51
4346, 0.51
4347, 0.35
4348, 0.35
4349, 0.46
4350, 0.51
4351, 0.55
4352, 0.42
4353, 0.36
4354, 0.48
4355, 0.49
4356, 0.39
4357, 0.45
4358, 0.35
4359, 0.53
4360, 0.63
4361, 0.42
4362, 0.44
4363, 0.43
4364, 0.35
4365, 0.45
4366, 0.45
4367, 0.52
4368, 0.54
4369, 0.51
4370, 0.60
4371, 0.44
4372, 0.50
4373, 0.53
4374, 0.43
4375, 0.43
4376, 0.52
4377, 0.53
4378, 0.50
4379, 0.49
4380, 0.46
4381, 0.41
4382, 0.53
4383, 0.43
4384, 0.52
4385, 0.53
4386, 0.49
4387, 0.42
4388, 0.61
4389, 0.46
4390, 0.37
4391, 0.47
4392, 0.42
4393, 0.39
4394, 0.57
4395, 0.39
4396, 0.56
4397, 0.49
4398, 0.39
4399, 0.46
4400, 0.37
4401, 0.38
4402, 0.60
4403, 0.52
4404, 0.60
4405, 0.53
4406, 0.60
4407, 0.42
4408, 0.48
4409, 0.53
4410, 0.42
4411, 0.36
4412, 0.57
4413, 0.57
4414, 0.39
4415, 0.52
4416, 0.38
4417, 0.59
4418, 0.49
4419, 0.50
4420, 0.48
4421, 0.35
4422, 0.41
4423, 0.45
4424, 0.55
4425, 0.40
4426, 0.36
4427, 0.59
4428, 0.59
4429, 0.42
4430, 0.42
4431, 0.53
4432, 0.40
4433, 0.57
4434, 0.53
4435, 0.41
4436, 0.56
4437, 0.46
4438, 0.53
4439, 0.59
4440, 0.52
4441, 0.38
4442, 0.60
4443, 0.51
4444, 0.35
4445, 0.37
4446, 0.54
4447, 0.43
4448, 0.52
4449, 0.52
4450, 0.59
4451, 0.32
4452, 0.39
4453, 0.48
4454, 0.45
4455, 0.48
4456, 0.37
4457, 0.38
4458, 0.55
4459, 0.49
4460, 0.57
4461, 0.54
4462, 0.38
4463, 0.61
4464, 0.46
4465, 0.51
4466, 0.43
4467, 0.36
4468, 0.39
4469, 0.54
4470, 0.51
4471, 0.38
4472, 0.35
4473, 0.43
4474, 0.36
4475, 0.50
4476, 0.46
4477, 0.53
4478, 0.52
4479, 0.52
4480, 0.46
4481, 0.55
4482, 0.39
4483, 0.36
4484, 0.51
4485, 0.36
4486, 0.50
4487, 0.57
4488, 0.59
4489, 0.57
4490, 0.46
4491, 0.48
4492, 0.59
4493, 0.52
4494, 0.39
4495, 0.56
4496, 0.51
4497, 0.40
4498, 0.51
4499, 0.61
4500, 0.46
4501, 0.46
4502, 0.58
4503, 0.47
4504, 0.37
4505, 0.50
4506, 0.51
4507, 0.60
4508, 0.48
4509, 0.58
4510, 0.43
4511, 0.43
4512, 0.48
4513, 0.40
4514, 0.58
4515, 0.56
4516, 0.44
4517, 0.46
4518, 0.44
4519, 0.45
4520, 0.38
4521, 0.54
4522, 0.54
4523, 0.54
4524, 0.36
4525, 0.36
4526, 0.35
4527, 0.54
4528, 0.39
4529, 0.52
4530, 0.54
4531, 0.56
4532, 0.37
4533, 0.56
4534, 0.54
4535, 0.51
4536, 0.54
4537, 0.53
4538, 0.38
4539, 0.56
4540, 0.50
4541, 0.51
4542, 0.42
4543, 0.51
4544, 0.52
4545, 0.53
4546, 0.54
4547, 0.50
4548, 0.49
4549, 0.53
4550, 0.46
4551, 0.43
4552, 0.52
4553, 0.54
4554, 0.53
4555, 0.49
4556, 0.52
4557, 0.36
4558, 0.42
4559, 0.47
4560, 0.50
4561, 0.52
4562, 0.52
4563, 0.50
4564, 0.53
4565, 0.53
4566, 0.62
4567, 0.54
4568, 0.55
4569, 0.54
4570, 0.48
4571, 0.61
4572, 0.54
4573, 0.53
4574, 0.35
4575, 0.52
4576, 0.50
4577, 0.54
4578, 0.35
4579, 0.53
4580, 0.55
4581, 0.41
4582, 0.56
4583, 0.44
4584, 0.59
4585, 0.49
4586, 0.43
4587, 0.54
4588, 0.49
4589, 0.36
4590, 0.36
4591, 0.36
4592, 0.44
4593, 0.37
4594, 0.38
4595, 0.47
4596, 0.52
4597, 0.57
4598, 0.36
4599, 0.54
4600, 0.49
4601, 0.50
4602, 0.55
4603, 0.45
4604, 0.49
4605, 0.47
4606, 0.54
4607, 0.50
4608, 0.61
4609, 0.45
4610, 0.35
4611, 0.44
4612, 0.38
4613, 0.57
4614, 0.54
4615, 0.42
4616, 0.48
4617, 0.58
4618, 0.52
4619, 0.36
4620, 0.57
4621, 0.47
4622, 0.46
4623, 0.38
4624, 0.53
4625, 0.49
4626, 0.55
4627, 0.38
4628, 0.60
4629, 0.47
4630, 0.39
4631, 0.47
4632, 0.50
4633, 0.44
4634, 0.55
4635, 0.38
4636, 0.50
4637, 0.44
4638, 0.53
4639, 0.49
4640, 0.50
4641, 0.38
4642, 0.38
4643, 0.53
4644, 0.38
4645, 0.37
4646, 0.44
4647, 0.36
4648, 0.38
4649, 0.56
4650, 0.47
4651, 0.43
4652, 0.52
4653, 0.37
4654, 0.37
4655, 0.48
4656, 0.40
4657, 0.50
4658, 0.51
4659, 0.49
4660, 0.53
4661, 0.50
4662, 0.37
4663, 0.36
4664, 0.50
4665, 0.51
4666, 0.50
4667, 0.40
4668, 0.61
4669, 0.50
4670, 0.53
4671, 0.56
4672, 0.59
4673, 0.45
4674, 0.52
4675, 0.49
4676, 0.56
4677, 0.53
4678, 0.36
4679, 0.34
4680, 0.48
4681, 0.47
4682, 0.60
4683, 0.53
4684, 0.43
4685, 0.53
4686, 0.50
4687, 0.42
4688, 0.35
4689, 0.55
4690, 0.49
4691, 0.50
4692, 0.41
4693, 0.47
4694, 0.48
4695, 0.54
4696, 0.41
4697, 0.36
4698, 0.39
4699, 0.54
4700, 0.54
4701, 0.37
4702, 0.39
4703, 0.57
4704, 0.46
4705, 0.56
4706, 0.46
4707, 0.55
4708, 0.48
4709, 0.35
4710, 0.53
4711, 0.46
4712, 0.50
4713, 0.43
4714, 0.50
4715, 0.45
4716, 0.54
4717, 0.52
4718, 0.54
4719, 0.41
4720, 0.37
4721, 0.50
4722, 0.48
4723, 0.55
4724, 0.46
4725, 0.43
4726, 0.54
4727, 0.59
4728, 0.54
4729, 0.36
4730, 0.54
4731, 0.51
4732, 0.56
4733, 0.43
4734, 0.58
4735, 0.52
4736, 0.54
4737, 0.52
4738, 0.44
4739, 0.55
4740, 0.37
4741, 0.53
4742, 0.51
4743, 0.54
4744, 0.47
4745, 0.37
4746, 0.41
4747, 0.53
4748, 0.48
4749, 0.56
4750, 0.41
4751, 0.37
4752, 0.55
4753, 0.50
4754, 0.52
4755, 0.59
4756, 0.48
4757, 0.55
4758, 0.64
4759, 0.61
4760, 0.38
4761, 0.35
4762, 0.60
4763, 0.60
4764, 0.36
4765, 0.47
4766, 0.38
4767, 0.37
4768, 0.59
4769, 0.58
4770, 0.40
4771, 0.60
4772, 0.49
4773, 0.43
4774, 0.49
4775, 0.42
4776, 0.58
4777, 0.46
4778, 0.58
4779, 0.59
4780, 0.56
4781, 0.49
4782, 0.57
4783, 0.44
4784, 0.53
4785, 0.55
4786, 0.54
4787, 0.43
4788, 0.39
4789, 0.55
4790, 0.46
4791, 0.40
4792, 0.48
4793, 0.35
4794, 0.47
4795, 0.57
4796, 0.59
4797, 0.46
4798, 0.45
4799, 0.42
4800, 0.52
4801, 0.42
4802, 0.39
4803, 0.39
4804, 0.44
4805, 0.36
4806, 0.50
4807, 0.47
4808, 0.56
4809, 0.53
4810, 0.47
4811, 0.55
4812, 0.40
4813, 0.55
4814, 0.39
4815, 0.56
4816, 0.54
4817, 0.50
4818, 0.54
4819, 0.59
4820, 0.33
4821, 0.54
4822, 0.48
4823, 0.46
4824, 0.59
4825, 0.56
4826, 0.41
4827, 0.58
4828, 0.55
4829, 0.47
4830, 0.48
4831, 0.51
4832, 0.59
4833, 0.55
4834, 0.59
4835, 0.35
4836, 0.53
4837, 0.35
4838, 0.58
4839, 0.59
4840, 0.53
4841, 0.48
4842, 0.55
4843, 0.51
4844, 0.44
4845, 0.38
4846, 0.56
4847, 0.50
4848, 0.41
4849, 0.43
4850, 0.59
4851, 0.35
4852, 0.48
4853, 0.49
4854, 0.44
4855, 0.39
4856, 0.48
4857, 0.58
4858, 0.38
4859, 0.58
4860, 0.53
4861, 0.36
4862, 0.57
4863, 0.56
4864, 0.60
4865, 0.61
4866, 0.45
4867, 0.36
4868, 0.39
4869, 0.40
4870, 0.46
4871, 0.55
4872, 0.39
4873, 0.55
4874, 0.46
4875, 0.43
4876, 0.45
4877, 0.57
4878, 0.54
4879, 0.58
4880, 0.49
4881, 0.41
4882, 0.47
4883, 0.54
4884, 0.58
4885, 0.38
4886, 0.36
4887, 0.53
4888, 0.56
4889, 0.54
4890, 0.54
4891, 0.49
4892, 0.55
4893, 0.51
4894, 0.38
4895, 0.59
4896, 0.53
4897, 0.38
4898, 0.58
4899, 0.52
4900, 0.43
4901, 0.55
4902, 0.60
4903, 0.47
4904, 0.43
4905, 0.57
4906, 0.52
4907, 0.57
4908, 0.51
4909, 0.54
4910, 0.62
4911, 0.42
4912, 0.42
4913, 0.41
4914, 0.40
4915, 0.59
4916, 0.48
4917, 0.60
4918, 0.54
4919, 0.37
4920, 0.45
4921, 0.53
4922, 0.52
4923, 0.57
4924, 0.57
4925, 0.51
4926, 0.48
4927, 0.41
4928, 0.55
4929, 0.52
4930, 0.52
4931, 0.58
4932, 0.48
4933, 0.52
4934, 0.36
4935, 0.48
4936, 0.48
4937, 0.52
4938, 0.39
4939, 0.50
4940, 0.47
4941, 0.56
4942, 0.49
4943, 0.54
4944, 0.53
4945, 0.51
4946, 0.50
4947, 0.37
4948, 0.46
4949, 0.52
4950, 0.55
4951, 0.42
4952, 0.51
4953, 0.50
4954, 0.48
4955, 0.35
4956, 0.36
4957, 0.46
4958, 0.48
4959, 0.50
4960, 0.55
4961, 0.63
4962, 0.55
4963, 0.51
4964, 0.54
4965, 0.44
4966, 0.53
4967, 0.41
4968, 0.46
4969, 0.55
4970, 0.43
4971, 0.35
4972, 0.35
4973, 0.42
4974, 0.41
4975, 0.53
4976, 0.58
4977, 0.54
4978, 0.56
4979, 0.51
4980, 0.35
4981, 0.40
4982, 0.37
4983, 0.59
4984, 0.41
4985, 0.47
4986, 0.50
4987, 0.53
4988, 0.49
4989, 0.53
4990, 0.43
4991, 0.62
4992, 0.36
4993, 0.54
4994, 0.38
4995, 0.49
4996, 0.53
4997, 0.54
4998, 0.59
4999, 0.42
5000, 0.54
5001, 0.54
5002, 0.61
5003, 0.51
5004, 0.52
5005, 0.37
5006, 0.48
5007, 0.40
5008, 0.54
5009, 0.50
5010, 0.58
5011, 0.42
5012, 0.52
5013, 0.44
5014, 0.50
5015, 0.36
5016, 0.43
5017, 0.37
5018, 0.39
5019, 0.63
5020, 0.50
5021, 0.36
5022, 0.55
5023, 0.60
5024, 0.49
5025, 0.51
5026, 0.49
5027, 0.51
5028, 0.58
5029, 0.36
5030, 0.56
5031, 0.52
5032, 0.35
5033, 0.50
5034, 0.50
5035, 0.51
5036, 0.53
5037, 0.43
5038, 0.53
5039, 0.53
5040, 0.51
5041, 0.55
5042, 0.42
5043, 0.48
5044, 0.42
5045, 0.49
5046, 0.41
5047, 0.57
5048, 0.54
5049, 0.56
5050, 0.42
5051, 0.50
5052, 0.54
5053, 0.63
5054, 0.42
5055, 0.53
5056, 0.37
5057, 0.36
5058, 0.41
5059, 0.48
5060, 0.51
5061, 0.57
5062, 0.54
5063, 0.57
5064, 0.51
5065, 0.36
5066, 0.54
5067, 0.50
5068, 0.53
5069, 0.53
5070, 0.53
5071, 0.60
5072, 0.47
5073, 0.35
5074, 0.49
5075, 0.49
5076, 0.49
5077, 0.49
5078, 0.50
5079, 0.53
5080, 0.55
5081, 0.35
5082, 0.43
5083, 0.36
5084, 0.38
5085, 0.53
5086, 0.48
5087, 0.49
5088, 0.57
5089, 0.45
5090, 0.36
5091, 0.37
5092, 0.50
5093, 0.51
5094, 0.52
5095, 0.42
5096, 0.38
5097, 0.44
5098, 0.41
5099, 0.48
5100, 0.44
5101, 0.40
5102, 0.47
5103, 0.57
5104, 0.35
5105, 0.51
5106, 0.54
5107, 0.39
5108, 0.50
5109, 0.50
5110, 0.52
5111, 0.51
5112, 0.52
5113, 0.46
5114, 0.42
5115, 0.60
5116, 0.57
5117, 0.62
5118, 0.43
5119, 0.36
5120, 0.51
5121, 0.46
5122, 0.52
5123, 0.56
5124, 0.39
5125, 0.48
5126, 0.55
5127, 0.51
5128, 0.58
5129, 0.43
5130, 0.52
5131, 0.54
5132, 0.56
5133, 0.60
5134, 0.49
5135, 0.56
5136, 0.43
5137, 0.37
5138, 0.57
5139, 0.49
5140, 0.46
5141, 0.57
5142, 0.49
5143, 0.42
5144, 0.53
5145, 0.55
5146, 0.39
5147, 0.46
5148, 0.40
5149, 0.44
5150, 0.44
5151, 0.55
5152, 0.38
5153, 0.57
5154, 0.46
5155, 0.45
5156, 0.59
5157, 0.42
5158, 0.40
5159, 0.60
5160, 0.45
5161, 0.60
5162, 0.53
5163, 0.43
5164, 0.42
5165, 0.49
5166, 0.52
5167, 0.56
5168, 0.37
5169, 0.56
5170, 0.56
5171, 0.54
5172, 0.47
5173, 0.36
5174, 0.48
5175, 0.51
5176, 0.48
5177, 0.55
5178, 0.54
5179, 0.46
5180, 0.52
5181, 0.41
5182, 0.46
5183, 0.56
5184, 0.49
5185, 0.45
5186, 0.59
5187, 0.44
5188, 0.38
5189, 0.55
5190, 0.53
5191, 0.57
5192, 0.54
5193, 0.42
5194, 0.62
5195, 0.37
5196, 0.40
5197, 0.37
5198, 0.55
5199, 0.50
5200, 0.54
5201, 0.53
5202, 0.47
5203, 0.42
5204, 0.37
5205, 0.54
5206, 0.59
5207, 0.39
5208, 0.43
5209, 0.36
5210, 0.39
5211, 0.40
5212, 0.41
5213, 0.59
5214, 0.38
5215, 0.42
5216, 0.37
5217, 0.39
5218, 0.47
5219, 0.46
5220, 0.57
5221, 0.56
5222, 0.56
5223, 0.54
5224, 0.49
5225, 0.36
5226, 0.55
5227, 0.35
5228, 0.42
5229, 0.37
5230, 0.35
5231, 0.39
5232, 0.42
5233, 0.60
5234, 0.37
5235, 0.54
5236, 0.49
5237, 0.52
5238, 0.38
5239, 0.40
5240, 0.58
5241, 0.44
5242, 0.46
5243, 0.43
5244, 0.45
5245, 0.54
5246, 0.36
5247, 0.40
5248, 0.38
5249, 0.40
5250, 0.38
5251, 0.42
5252, 0.52
5253, 0.56
5254, 0.55
5255, 0.45
5256, 0.51
5257, 0.35
5258, 0.56
5259, 0.42
5260, 0.52
5261, 0.47
5262, 0.50
5263, 0.51
5264, 0.50
5265, 0.38
5266, 0.48
5267, 0.59
5268, 0.48
5269, 0.61
5270, 0.56
5271, 0.40
5272, 0.49
5273, 0.54
5274, 0.54
5275, 0.36
5276, 0.48
5277, 0.38
5278, 0.45
5279, 0.55
5280, 0.48
5281, 0.55
5282, 0.51
5283, 0.42
5284, 0.45
5285, 0.41
5286, 0.36
5287, 0.54
5288, 0.53
5289, 0.41
5290, 0.54
5291, 0.60
5292, 0.41
5293, 0.49
5294, 0.54
5295, 0.54
5296, 0.40
5297, 0.38
5298, 0.43
5299, 0.55
5300, 0.57
5301, 0.50
5302, 0.58
5303, 0.48
5304, 0.51
5305, 0.43
5306, 0.41
5307, 0.54
5308, 0.42
5309, 0.49
5310, 0.35
5311, 0.57
5312, 0.51
5313, 0.58
5314, 0.37
5315, 0.54
5316, 0.50
5317, 0.35
5318, 0.49
5319, 0.52
5320, 0.62
5321, 0.49
5322, 0.40
5323, 0.46
5324, 0.59
5325, 0.52
5326, 0.43
5327, 0.55
5328, 0.60
5329, 0.52
5330, 0.41
5331, 0.43
5332, 0.36
5333, 0.35
5334, 0.47
5335, 0.51
5336, 0.57
5337, 0.58
5338, 0.51
5339, 0.58
5340, 0.35
5341, 0.49
5342, 0.41
5343, 0.43
5344, 0.52
5345, 0.46
5346, 0.63
5347, 0.52
5348, 0.50
5349, 0.49
5350, 0.50
5351, 0.51
5352, 0.58
5353, 0.55
5354, 0.36
5355, 0.39
5356, 0.35
5357, 0.48
5358, 0.49
5359, 0.46
5360, 0.55
5361, 0.56
5362, 0.53
5363, 0.53
5364, 0.53
5365, 0.37
5366, 0.51
5367, 0.60
5368, 0.39
5369, 0.44
5370, 0.37
5371, 0.57
5372, 0.47
5373, 0.57
5374, 0.36
5375, 0.52
5376, 0.42
5377, 0.55
5378, 0.45
5379, 0.47
5380, 0.35
5381, 0.51
5382, 0.53
5383, 0.51
5384, 0.53
5385, 0.55
5386, 0.55
5387, 0.36
5388, 0.40
5389, 0.58
5390, 0.52
5391, 0.51
5392, 0.51
5393, 0.54
5394, 0.48
5395, 0.42
5396, 0.36
5397, 0.55
5398, 0.41
5399, 0.54
5400, 0.43
5401, 0.54
5402, 0.55
5403, 0.39
5404, 0.56
5405, 0.51
5406, 0.48
5407, 0.51
5408, 0.42
5409, 0.52
5410, 0.48
5411, 0.52
5412, 0.52
5413, 0.55
5414, 0.59
5415, 0.49
5416, 0.52
5417, 0.44
5418, 0.44
5419, 0.43
5420, 0.36
5421, 0.44
5422, 0.40
5423, 0.52
5424, 0.51
5425, 0.45
5426, 0.41
5427, 0.53
5428, 0.47
5429, 0.52
5430, 0.60
5431, 0.42
5432, 0.59
5433, 0.53
5434, 0.48
5435, 0.51
5436, 0.42
5437, 0.40
5438, 0.58
5439, 0.57
5440, 0.59
5441, 0.42
5442, 0.48
5443, 0.60
5444, 0.56
5445, 0.41
5446, 0.62
5447, 0.40
5448, 0.50
5449, 0.55
5450, 0.51
5451, 0.51
5452, 0.51
5453, 0.38
5454, 0.41
5455, 0.55
5456, 0.48
5457, 0.44
5458, 0.46
5459, 0.58
5460, 0.51
5461, 0.53
5462, 0.56
5463, 0.58
5464, 0.48
5465, 0.39
5466, 0.60
5467, 0.52
5468, 0.41
5469, 0.41
5470, 0.44
5471, 0.52
5472, 0.54
5473, 0.43
5474, 0.47
5475, 0.35
5476, 0.46
5477, 0.53
5478, 0.58
5479, 0.51
5480, 0.43
5481, 0.51
5482, 0.43
5483, 0.41
5484, 0.50
5485, 0.40
5486, 0.43
5487, 0.52
5488, 0.60
5489, 0.54
5490, 0.43
5491, 0.60
5492, 0.36
5493, 0.60
5494, 0.43
5495, 0.33
5496, 0.46
5497, 0.52
5498, 0.45
5499, 0.42
5500, 0.54
5501, 0.58
5502, 0.60
5503, 0.53
5504, 0.54
5505, 0.53
5506, 0.50
5507, 0.51
5508, 0.41
5509, 0.48
5510, 0.54
5511, 0.48
5512, 0.53
5513, 0.52
5514, 0.58
5515, 0.61
5516, 0.46
5517, 0.51
5518, 0.42
5519, 0.41
5520, 0.57
5521, 0.44
5522, 0.46
5523, 0.41
5524, 0.38
5525, 0.55
5526, 0.54
5527, 0.47
5528, 0.61
5529, 0.56
5530, 0.36
5531, 0.46
5532, 0.57
5533, 0.53
5534, 0.42
5535, 0.58
5536, 0.36
5537, 0.54
5538, 0.49
5539, 0.54
5540, 0.36
5541, 0.43
5542, 0.37
5543, 0.58
5544, 0.57
5545, 0.53
5546, 0.57
5547, 0.43
5548, 0.41
5549, 0.43
5550, 0.53
5551, 0.46
5552, 0.36
5553, 0.38
5554, 0.43
5555, 0.52
5556, 0.48
5557, 0.48
5558, 0.52
5559, 0.58
5560, 0.48
5561, 0.41
5562, 0.54
5563, 0.37
5564, 0.43
5565, 0.42
5566, 0.55
5567, 0.36
5568, 0.37
5569, 0.47
5570, 0.42
5571, 0.51
5572, 0.54
5573, 0.40
5574, 0.49
5575, 0.38
5576, 0.43
5577, 0.57
5578, 0.38
5579, 0.36
5580, 0.55
5581, 0.44
5582, 0.45
5583, 0.49
5584, 0.41
5585, 0.54
5586, 0.49
5587, 0.51
5588, 0.50
5589, 0.60
5590, 0.55
5591, 0.57
5592, 0.56
5593, 0.47
5594, 0.59
5595, 0.43
5596, 0.35
5597, 0.45
5598, 0.48
5599, 0.49
5600, 0.52
5601, 0.57
5602, 0.51
5603, 0.56
5604, 0.55
5605, 0.45
5606, 0.53
5607, 0.45
5608, 0.46
5609, 0.53
5610, 0.40
5611, 0.49
5612, 0.39
5613, 0.53
5614, 0.43
5615, 0.53
5616, 0.36
5617, 0.39
5618, 0.47
5619, 0.56
5620, 0.55
5621, 0.46
5622, 0.40
5623, 0.55
5624, 0.42
5625, 0.59
5626, 0.54
5627, 0.53
5628, 0.37
5629, 0.52
5630, 0.43
5631, 0.58
5632, 0.47
5633, 0.52
5634, 0.61
5635, 0.49
5636, 0.36
5637, 0.36
5638, 0.50
5639, 0.49
5640, 0.58
5641, 0.51
5642, 0.47
5643, 0.50
5644, 0.49
5645, 0.50
5646, 0.37
5647, 0.55
5648, 0.36
5649, 0.44
5650, 0.59
5651, 0.52
5652, 0.57
5653, 0.58
5654, 0.58
5655, 0.38
5656, 0.35
5657, 0.54
5658, 0.56
5659, 0.49
5660, 0.57
5661, 0.59
5662, 0.41
5663, 0.49
5664, 0.53
5665, 0.54
5666, 0.52
5667, 0.38
5668, 0.45
5669, 0.40
5670, 0.57
5671, 0.51
5672, 0.59
5673, 0.44
5674, 0.44
5675, 0.33
5676, 0.55
5677, 0.51
5678, 0.43
5679, 0.45
5680, 0.35
5681, 0.55
5682, 0.50
5683, 0.40
5684, 0.57
5685, 0.60
5686, 0.61
5687, 0.61
5688, 0.42
5689, 0.42
5690, 0.38
5691, 0.52
5692, 0.52
5693, 0.50
5694, 0.49
5695, 0.36
5696, 0.46
5697, 0.57
5698, 0.53
5699, 0.38
5700, 0.52
5701, 0.50
5702, 0.38
5703, 0.43
5704, 0.53
5705, 0.50
5706, 0.49
5707, 0.58
5708, 0.40
5709, 0.40
5710, 0.51
5711, 0.49
5712, 0.46
5713, 0.36
5714, 0.38
5715, 0.39
5716, 0.51
5717, 0.55
5718, 0.37
5719, 0.38
5720, 0.51
5721, 0.49
5722, 0.54
5723, 0.60
5724, 0.58
5725, 0.52
5726, 0.51
5727, 0.39
5728, 0.50
5729, 0.49
5730, 0.48
5731, 0.55
5732, 0.56
5733, 0.45
5734, 0.53
5735, 0.62
5736, 0.51
5737, 0.55
5738, 0.55
5739, 0.35
5740, 0.42
5741, 0.53
5742, 0.39
5743, 0.38
5744, 0.34
5745, 0.59
5746, 0.40
5747, 0.53
5748, 0.54
5749, 0.54
5750, 0.54
5751, 0.56
5752, 0.41
5753, 0.35
5754, 0.52
5755, 0.51
5756, 0.43
5757, 0.54
5758, 0.48
5759, 0.42
5760, 0.53
5761, 0.50
5762, 0.47
5763, 0.40
5764, 0.47
5765, 0.56
5766, 0.50
5767, 0.53
5768, 0.56
5769, 0.42
5770, 0.63
5771, 0.48
5772, 0.40
5773, 0.38
5774, 0.51
5775, 0.49
5776, 0.36
5777, 0.53
5778, 0.59
5779, 0.39
5780, 0.51
5781, 0.43
5782, 0.55
5783, 0.57
5784, 0.42
5785, 0.39
5786, 0.52
5787, 0.54
5788, 0.50
5789, 0.53
5790, 0.54
5791, 0.49
5792, 0.45
5793, 0.52
5794, 0.58
5795, 0.44
5796, 0.37
5797, 0.35
5798, 0.50
5799, 0.48
5800, 0.35
5801, 0.39
5802, 0.44
5803, 0.54
5804, 0.56
5805, 0.54
5806, 0.57
5807, 0.36
5808, 0.61
5809, 0.58
5810, 0.51
5811, 0.53
5812, 0.54
5813, 0.47
5814, 0.53
5815, 0.56
5816, 0.45
5817, 0.49
5818, 0.36
5819, 0.53
5820, 0.53
5821, 0.51
5822, 0.43
5823, 0.49
5824, 0.49
5825, 0.54
5826, 0.44
5827, 0.59
5828, 0.50
5829, 0.41
5830, 0.49
5831, 0.54
5832, 0.50
5833, 0.43
5834, 0.59
5835, 0.44
5836, 0.47
5837, 0.43
5838, 0.57
5839, 0.44
5840, 0.47
5841, 0.41
5842, 0.54
5843, 0.55
5844, 0.50
5845, 0.39
5846, 0.61
5847, 0.54
5848, 0.55
5849, 0.40
5850, 0.36
5851, 0.58
5852, 0.54
5853, 0.48
5854, 0.36
5855, 0.34
5856, 0.37
5857, 0.59
5858, 0.57
5859, 0.37
5860, 0.47
5861, 0.35
5862, 0.49
5863, 0.55
5864, 0.54
5865, 0.51
5866, 0.53
5867, 0.57
5868, 0.35
5869, 0.57
5870, 0.57
5871, 0.52
5872, 0.53
5873, 0.43
5874, 0.55
5875, 0.42
5876, 0.45
5877, 0.39
5878, 0.43
5879, 0.39
5880, 0.61
5881, 0.41
5882, 0.60
5883, 0.53
5884, 0.47
5885, 0.37
5886, 0.40
5887, 0.53
5888, 0.44
5889, 0.36
5890, 0.42
5891, 0.46
5892, 0.50
5893, 0.38
5894, 0.44
5895, 0.56
5896, 0.47
5897, 0.53
5898, 0.50
5899, 0.40
5900, 0.52
5901, 0.49
5902, 0.39
5903, 0.59
5904, 0.47
5905, 0.38
5906, 0.55
5907, 0.59
5908, 0.37
5909, 0.38
5910, 0.59
5911, 0.39
5912, 0.42
5913, 0.39
5914, 0.46
5915, 0.46
5916, 0.42
5917, 0.43
5918, 0.44
5919, 0.37
5920, 0.46
5921, 0.52
5922, 0.53
5923, 0.54
5924, 0.41
5925, 0.42
5926, 0.36
5927, 0.48
5928, 0.43
5929, 0.39
5930, 0.44
5931, 0.56
5932, 0.41
5933, 0.59
5934, 0.51
5935, 0.54
5936, 0.39
5937, 0.42
5938, 0.53
5939, 0.37
5940, 0.42
5941, 0.56
5942, 0.51
5943, 0.57
5944, 0.56
5945, 0.53
5946, 0.36
5947, 0.39
5948, 0.49
5949, 0.54
5950, 0.44
5951, 0.54
5952, 0.60
5953, 0.45
5954, 0.51
5955, 0.37
5956, 0.46
5957, 0.39
5958, 0.36
5959, 0.52
5960, 0.56
5961, 0.51
5962, 0.35
5963, 0.41
5964, 0.51
5965, 0.49
5966, 0.41
5967, 0.52
5968, 0.55
5969, 0.41
5970, 0.51
5971, 0.51
5972, 0.39
5973, 0.42
5974, 0.40
5975, 0.57
5976, 0.35
5977, 0.43
5978, 0.57
5979, 0.51
5980, 0.61
5981, 0.53
5982, 0.50
5983, 0.57
5984, 0.51
5985, 0.61
5986, 0.58
5987, 0.49
5988, 0.55
5989, 0.52
5990, 0.57
5991, 0.42
5992, 0.56
5993, 0.56
5994, 0.41
5995, 0.48
5996, 0.47
5997, 0.45
5998, 0.54
5999, 0.56
6000, 0.61
6001, 0.45
6002, 0.47
6003, 0.38
6004, 0.35
6005, 0.59
6006, 0.53
6007, 0.56
6008, 0.42
6009, 0.40
6010, 0.58
6011, 0.41
6012, 0.56
6013, 0.46
6014, 0.47
6015, 0.50
6016, 0.50
6017, 0.43
6018, 0.39
6019, 0.51
6020, 0.57
6021, 0.56
6022, 0.41
6023, 0.47
6024, 0.44
6025, 0.40
6026, 0.48
6027, 0.55
6028, 0.55
6029, 0.43
6030, 0.65
6031, 0.57
6032, 0.48
6033, 0.55
6034, 0.37
6035, 0.53
6036, 0.51
6037, 0.51
6038, 0.53
6039, 0.43
6040, 0.48
6041, 0.59
6042, 0.41
6043, 0.55
6044, 0.47
6045, 0.56
6046, 0.41
6047, 0.50
6048, 0.53
6049, 0.50
6050, 0.56
6051, 0.49
6052, 0.48
6053, 0.38
6054, 0.60
6055, 0.62
6056, 0.49
6057, 0.47
6058, 0.38
6059, 0.54
6060, 0.35
6061, 0.56
6062, 0.38
6063, 0.54
6064, 0.49
6065, 0.48
6066, 0.52
6067, 0.38
6068, 0.56
6069, 0.42
6070, 0.55
6071, 0.53
6072, 0.52
6073, 0.51
6074, 0.55
6075, 0.53
6076, 0.57
6077, 0.39
6078, 0.61
6079, 0.52
6080, 0.47
6081, 0.61
6082, 0.42
6083, 0.38
6084, 0.53
6085, 0.55
6086, 0.50
6087, 0.46
6088, 0.48
6089, 0.43
6090, 0.40
6091, 0.42
6092, 0.47
6093, 0.60
6094, 0.54
6095, 0.37
6096, 0.52
6097, 0.58
6098, 0.52
6099, 0.49
6100, 0.51
6101, 0.56
6102, 0.35
6103, 0.44
6104, 0.55
6105, 0.42
6106, 0.40
6107, 0.47
6108, 0.43
6109, 0.42
6110, 0.57
6111, 0.52
6112, 0.53
6113, 0.45
6114, 0.54
6115, 0.45
6116, 0.52
6117, 0.49
6118, 0.60
6119, 0.52
6120, 0.62
6121, 0.36
6122, 0.59
6123, 0.42
6124, 0.49
6125, 0.51
6126, 0.43
6127, 0.59
6128, 0.43
6129, 0.41
6130, 0.57
6131, 0.46
6132, 0.50
6133, 0.40
6134, 0.52
6135, 0.52
6136, 0.39
6137, 0.59
6138, 0.52
6139, 0.54
6140, 0.59
6141, 0.47
6142, 0.46
6143, 0.64
6144, 0.56
6145, 0.46
6146, 0.59
6147, 0.40
6148, 0.37
6149, 0.41
6150, 0.54
6151, 0.59
6152, 0.53
6153, 0.44
6154, 0.57
6155, 0.53
6156, 0.50
6157, 0.40
6158, 0.37
6159, 0.50
6160, 0.38
6161, 0.42
6162, 0.57
6163, 0.42
6164, 0.52
6165, 0.50
6166, 0.51
6167, 0.53
6168, 0.53
6169, 0.42
6170, 0.54
6171, 0.47
6172, 0.53
6173, 0.55
6174, 0.40
6175, 0.56
6176, 0.42
6177, 0.41
6178, 0.41
6179, 0.48
6180, 0.45
6181, 0.39
6182, 0.55
6183, 0.52
6184, 0.54
6185, 0.51
6186, 0.51
6187, 0.60
6188, 0.53
6189, 0.42
6190, 0.57
6191, 0.45
6192, 0.46
6193, 0.56
6194, 0.61
6195, 0.53
6196, 0.41
6197, 0.57
6198, 0.53
6199, 0.52
6200, 0.37
6201, 0.37
6202, 0.48
6203, 0.40
6204, 0.50
6205, 0.54
6206, 0.54
6207, 0.56
6208, 0.47
6209, 0.50
6210, 0.36
6211, 0.51
6212, 0.42
6213, 0.57
6214, 0.64
6215, 0.61
6216, 0.47
6217, 0.38
6218, 0.36
6219, 0.48
6220, 0.54
6221, 0.38
6222, 0.59
6223, 0.52
6224, 0.38
6225, 0.46
6226, 0.53
6227, 0.54
6228, 0.50
6229, 0.57
6230, 0.44
6231, 0.50
6232, 0.52
6233, 0.45
6234, 0.56
6235, 0.59
6236, 0.51
6237, 0.52
6238, 0.55
6239, 0.43
6240, 0.42
6241, 0.53
6242, 0.53
6243, 0.36
6244, 0.52
6245, 0.38
6246, 0.36
6247, 0.39
6248, 0.43
6249, 0.54
6250, 0.57
6251, 0.42
6252, 0.55
6253, 0.42
6254, 0.35
6255, 0.53
6256, 0.52
6257, 0.61
6258, 0.52
6259, 0.50
6260, 0.41
6261, 0.52
6262, 0.51
6263, 0.36
6264, 0.37
6265, 0.38
6266, 0.42
6267, 0.49
6268, 0.58
6269, 0.53
6270, 0.49
6271, 0.59
6272, 0.45
6273, 0.44
6274, 0.52
6275, 0.49
6276, 0.43
6277, 0.50
6278, 0.45
6279, 0.51
6280, 0.51
6281, 0.45
6282, 0.55
6283, 0.44
6284, 0.49
6285, 0.52
6286, 0.58
6287, 0.55
6288, 0.57
6289, 0.41
6290, 0.51
6291, 0.54
6292, 0.54
6293, 0.54
6294, 0.49
6295, 0.54
6296, 0.42
6297, 0.54
6298, 0.50
6299, 0.56
6300, 0.54
6301, 0.45
6302, 0.48
6303, 0.44
6304, 0.52
6305, 0.60
6306, 0.42
6307, 0.52
6308, 0.53
6309, 0.56
6310, 0.42
6311, 0.59
6312, 0.36
6313, 0.50
6314, 0.44
6315, 0.53
6316, 0.45
6317, 0.59
6318, 0.55
6319, 0.42
6320, 0.41
6321, 0.56
6322, 0.45
6323, 0.49
6324, 0.47
6325, 0.55
6326, 0.58
6327, 0.38
6328, 0.41
6329, 0.38
6330, 0.61
6331, 0.41
6332, 0.56
6333, 0.47
6334, 0.38
6335, 0.56
6336, 0.46
6337, 0.52
6338, 0.42
6339, 0.51
6340, 0.38
6341, 0.51
6342, 0.38
6343, 0.45
6344, 0.48
6345, 0.53
6346, 0.53
6347, 0.42
6348, 0.55
6349, 0.51
6350, 0.48
6351, 0.48
6352, 0.52
6353, 0.56
6354, 0.62
6355, 0.55
6356, 0.40
6357, 0.48
6358, 0.42
6359, 0.42
6360, 0.53
6361, 0.57
6362, 0.57
6363, 0.51
6364, 0.43
6365, 0.48
6366, 0.37
6367, 0.38
6368, 0.42
6369, 0.50
6370, 0.49
6371, 0.43
6372, 0.53
6373, 0.53
6374, 0.52
6375, 0.53
6376, 0.45
6377, 0.52
6378, 0.57
6379, 0.41
6380, 0.35
6381, 0.43
6382, 0.57
6383, 0.50
6384, 0.43
6385, 0.48
6386, 0.57
6387, 0.51
6388, 0.44
6389, 0.50
6390, 0.52
6391, 0.55
6392, 0.53
6393, 0.53
6394, 0.47
6395, 0.35
6396, 0.39
6397, 0.52
6398, 0.60
6399, 0.46
6400, 0.61
6401, 0.48
6402, 0.42
6403, 0.46
6404, 0.41
6405, 0.53
6406, 0.53
6407, 0.42
6408, 0.45
6409, 0.52
6410, 0.51
6411, 0.51
6412, 0.55
6413, 0.53
6414, 0.49
6415, 0.42
6416, 0.53
6417, 0.54
6418, 0.60
6419, 0.61
6420, 0.52
6421, 0.56
6422, 0.55
6423, 0.50
6424, 0.57
6425, 0.39
6426, 0.59
6427, 0.39
6428, 0.39
6429, 0.42
6430, 0.42
6431, 0.53
6432, 0.35
6433, 0.42
6434, 0.36
6435, 0.41
6436, 0.53
6437, 0.55
6438, 0.59
6439, 0.42
6440, 0.37
6441, 0.51
6442, 0.46
6443, 0.49
6444, 0.48
6445, 0.39
6446, 0.52
6447, 0.50
6448, 0.48
6449, 0.53
6450, 0.36
6451, 0.56
6452, 0.52
6453, 0.53
6454, 0.53
6455, 0.41
6456, 0.49
6457, 0.53
6458, 0.52
6459, 0.45
6460, 0.41
6461, 0.41
6462, 0.52
6463, 0.57
6464, 0.59
6465, 0.52
6466, 0.59
6467, 0.48
6468, 0.61
6469, 0.51
6470, 0.47
6471, 0.51
6472, 0.51
6473, 0.44
6474, 0.47
6475, 0.40
6476, 0.44
6477, 0.52
6478, 0.45
6479, 0.49
6480, 0.44
6481, 0.45
6482, 0.43
6483, 0.46
6484, 0.52
6485, 0.53
6486, 0.39
6487, 0.53
6488, 0.56
6489, 0.45
6490, 0.36
6491, 0.52
6492, 0.42
6493, 0.50
6494, 0.38
6495, 0.51
6496, 0.37
6497, 0.41
6498, 0.42
6499, 0.52
6500, 0.48
6501, 0.55
6502, 0.41
6503, 0.40
6504, 0.53
6505, 0.47
6506, 0.55
6507, 0.51
6508, 0.56
6509, 0.48
6510, 0.39
6511, 0.43
6512, 0.64
6513, 0.36
6514, 0.48
6515, 0.59
6516, 0.53
6517, 0.55
6518, 0.49
6519, 0.58
6520, 0.58
6521, 0.50
6522, 0.46
6523, 0.55
6524, 0.50
6525, 0.44
6526, 0.55
6527, 0.57
6528, 0.46
6529, 0.52
6530, 0.59
6531, 0.37
6532, 0.36
6533, 0.38
6534, 0.47
6535, 0.48
6536, 0.54
6537, 0.60
6538, 0.60
6539, 0.51
6540, 0.58
6541, 0.62
6542, 0.55
6543, 0.53
6544, 0.51
6545, 0.59
6546, 0.55
6547, 0.48
6548, 0.61
6549, 0.47
6550, 0.57
6551, 0.48
6552, 0.45
6553, 0.40
6554, 0.58
6555, 0.47
6556, 0.57
6557, 0.53
6558, 0.48
6559, 0.60
6560, 0.42
6561, 0.51
6562, 0.53
6563, 0.51
6564, 0.42
6565, 0.40
6566, 0.47
6567, 0.42
6568, 0.54
6569, 0.56
6570, 0.51
6571, 0.44
6572, 0.39
6573, 0.58
6574, 0.47
6575, 0.54
6576, 0.37
6577, 0.41
6578, 0.53
6579, 0.43
6580, 0.61
6581, 0.44
6582, 0.50
6583, 0.42
6584, 0.58
6585, 0.58
6586, 0.43
6587, 0.43
6588, 0.35
6589, 0.57
6590, 0.35
6591, 0.59
6592, 0.57
6593, 0.60
6594, 0.55
6595, 0.48
6596, 0.58
6597, 0.45
6598, 0.51
6599, 0.53
6600, 0.47
6601, 0.35
6602, 0.52
6603, 0.48
6604, 0.55
6605, 0.41
6606, 0.52
6607, 0.56
6608, 0.47
6609, 0.42
6610, 0.55
6611, 0.38
6612, 0.53
6613, 0.43
6614, 0.39
6615, 0.53
6616, 0.41
6617, 0.44
6618, 0.57
6619, 0.36
6620, 0.42
6621, 0.54
6622, 0.59
6623, 0.44
6624, 0.44
6625, 0.55
6626, 0.51
6627, 0.50
6628, 0.47
6629, 0.60
6630, 0.52
6631, 0.41
6632, 0.55
6633, 0.52
6634, 0.43
6635, 0.52
6636, 0.57
6637, 0.40
6638, 0.54
6639, 0.54
6640, 0.58
6641, 0.38
6642, 0.43
6643, 0.40
6644, 0.43
6645, 0.48
6646, 0.48
6647, 0.37
6648, 0.57
6649, 0.49
6650, 0.41
6651, 0.51
6652, 0.46
6653, 0.49
6654, 0.52
6655, 0.47
6656, 0.35
6657, 0.47
6658, 0.46
6659, 0.48
6660, 0.42
6661, 0.48
6662, 0.53
6663, 0.61
6664, 0.54
6665, 0.57
6666, 0.51
6667, 0.54
6668, 0.40
6669, 0.48
6670, 0.55
6671, 0.40
6672, 0.42
6673, 0.50
6674, 0.40
6675, 0.36
6676, 0.58
6677, 0.52
6678, 0.49
6679, 0.47
6680, 0.53
6681, 0.47
6682, 0.60
6683, 0.36
6684, 0.48
6685, 0.51
6686, 0.43
6687, 0.63
6688, 0.54
6689, 0.52
6690, 0.43
6691, 0.54
6692, 0.57
6693, 0.55
6694, 0.40
6695, 0.37
6696, 0.54
6697, 0.43
6698, 0.49
6699, 0.57
6700, 0.57
6701, 0.38
6702, 0.48
6703, 0.52
6704, 0.49
6705, 0.36
6706, 0.59
6707, 0.52
6708, 0.43
6709, 0.58
6710, 0.57
6711, 0.53
6712, 0.49
6713, 0.45
6714, 0.57
6715, 0.50
6716, 0.54
6717, 0.52
6718, 0.47
6719, 0.49
6720, 0.38
6721, 0.47
6722, 0.39
6723, 0.46
6724, 0.50
6725, 0.60
6726, 0.39
6727, 0.40
6728, 0.53
6729, 0.47
6730, 0.53
6731, 0.47
6732, 0.52
6733, 0.44
6734, 0.38
6735, 0.53
6736, 0.47
6737, 0.58
6738, 0.39
6739, 0.49
6740, 0.49
6741, 0.54
6742, 0.57
6743, 0.56
6744, 0.59
6745, 0.48
6746, 0.51
6747, 0.40
6748, 0.46
6749, 0.42
6750, 0.50
6751, 0.46
6752, 0.48
6753, 0.56
6754, 0.42
6755, 0.42
6756, 0.52
6757, 0.39
6758, 0.39
6759, 0.38
6760, 0.54
6761, 0.57
6762, 0.42
6763, 0.40
6764, 0.49
6765, 0.52
6766, 0.46
6767, 0.45
6768, 0.51
6769, 0.35
6770, 0.39
6771, 0.59
6772, 0.50
6773, 0.50
6774, 0.39
6775, 0.51
6776, 0.48
6777, 0.58
6778, 0.51
6779, 0.43
6780, 0.56
6781, 0.60
6782, 0.39
6783, 0.45
6784, 0.53
6785, 0.42
6786, 0.62
6787, 0.53
6788, 0.45
6789, 0.62
6790, 0.36
6791, 0.43
6792, 0.46
6793, 0.35
6794, 0.35
6795, 0.49
6796, 0.53
6797, 0.45
6798, 0.50
6799, 0.41
6800, 0.58
6801, 0.43
6802, 0.57
6803, 0.49
6804, 0.34
6805, 0.54
6806, 0.54
6807, 0.52
6808, 0.56
6809, 0.48
6810, 0.45
6811, 0.54
6812, 0.56
6813, 0.51
6814, 0.46
6815, 0.53
6816, 0.54
6817, 0.47
6818, 0.55
6819, 0.56
6820, 0.39
6821, 0.49
6822, 0.57
6823, 0.46
6824, 0.58
6825, 0.50
6826, 0.43
6827, 0.38
6828, 0.36
6829, 0.54
6830, 0.51
6831, 0.57
6832, 0.51
6833, 0.52
6834, 0.46
6835, 0.39
6836, 0.48
6837, 0.41
6838, 0.49
6839, 0.43
6840, 0.37
6841, 0.50
6842, 0.53
6843, 0.41
6844, 0.43
6845, 0.51
6846, 0.46
6847, 0.44
6848, 0.50
6849, 0.47
6850, 0.57
6851, 0.53
6852, 0.53
6853, 0.58
6854, 0.53
6855, 0.37
6856, 0.57
6857, 0.40
6858, 0.49
6859, 0.49
6860, 0.47
6861, 0.47
6862, 0.52
6863, 0.62
6864, 0.48
6865, 0.38
6866, 0.54
6867, 0.52
6868, 0.46
6869, 0.57
6870, 0.41
6871, 0.35
6872, 0.48
6873, 0.45
6874, 0.49
6875, 0.46
6876, 0.36
6877, 0.49
6878, 0.36
6879, 0.56
6880, 0.55
6881, 0.37
6882, 0.42
6883, 0.46
6884, 0.38
6885, 0.52
6886, 0.41
6887, 0.56
6888, 0.56
6889, 0.42
6890, 0.53
6891, 0.51
6892, 0.55
6893, 0.45
6894, 0.46
6895, 0.47
6896, 0.56
6897, 0.53
6898, 0.59
6899, 0.54
6900, 0.54
6901, 0.57
6902, 0.49
6903, 0.47
6904, 0.43
6905, 0.54
6906, 0.51
6907, 0.44
6908, 0.43
6909, 0.35
6910, 0.57
6911, 0.49
6912, 0.60
6913, 0.36
6914, 0.51
6915, 0.36
6916, 0.50
6917, 0.45
6918, 0.54
6919, 0.50
6920, 0.54
6921, 0.56
6922, 0.53
6923, 0.36
6924, 0.55
6925, 0.51
6926, 0.49
6927, 0.40
6928, 0.58
6929, 0.44
6930, 0.62
6931, 0.49
6932, 0.39
6933, 0.57
6934, 0.55
6935, 0.59
6936, 0.60
6937, 0.55
6938, 0.51
6939, 0.53
6940, 0.58
6941, 0.46
6942, 0.49
6943, 0.37
6944, 0.47
6945, 0.41
6946, 0.43
6947, 0.35
6948, 0.36
6949, 0.52
6950, 0.58
6951, 0.38
6952, 0.39
6953, 0.49
6954, 0.39
6955, 0.36
6956, 0.40
6957, 0.60
6958, 0.37
6959, 0.53
6960, 0.38
6961, 0.42
6962, 0.52
6963, 0.53
6964, 0.49
6965, 0.57
6966, 0.39
6967, 0.45
6968, 0.59
6969, 0.41
6970, 0.43
6971, 0.44
6972, 0.54
6973, 0.44
6974, 0.55
6975, 0.54
6976, 0.40
6977, 0.47
6978, 0.54
6979, 0.48
6980, 0.46
6981, 0.56
6982, 0.53
6983, 0.43
6984, 0.57
6985, 0.39
6986, 0.55
6987, 0.49
6988, 0.52
6989, 0.55
6990, 0.53
6991, 0.43
6992, 0.48
6993, 0.60
6994, 0.48
6995, 0.50
6996, 0.57
6997, 0.51
6998, 0.46
6999, 0.53
7000, 0.54
7001, 0.57
7002, 0.48
7003, 0.39
7004, 0.52
7005, 0.54
7006, 0.38
7007, 0.52
7008, 0.57
7009, 0.50
7010, 0.54
7011, 0.49
7012, 0.52
7013, 0.51
7014, 0.53
7015, 0.46
7016, 0.56
7017, 0.52
7018, 0.38
7019, 0.48
7020, 0.58
7021, 0.54
7022, 0.52
7023, 0.54
7024, 0.52
7025, 0.48
7026, 0.55
7027, 0.57
7028, 0.43
7029, 0.42
7030, 0.52
7031, 0.53
7032, 0.53
7033, 0.36
7034, 0.61
7035, 0.48
7036, 0.56
7037, 0.36
7038, 0.60
7039, 0.40
7040, 0.50
7041, 0.39
7042, 0.41
7043, 0.38
7044, 0.51
7045, 0.48
7046, 0.41
7047, 0.50
7048, 0.55
7049, 0.47
7050, 0.47
7051, 0.54
7052, 0.43
7053, 0.57
7054, 0.39
7055, 0.49
7056, 0.37
7057, 0.52
7058, 0.57
7059, 0.47
7060, 0.39
7061, 0.52
7062, 0.55
7063, 0.43
7064, 0.42
7065, 0.56
7066, 0.42
7067, 0.43
7068, 0.38
7069, 0.52
7070, 0.49
7071, 0.57
7072, 0.52
7073, 0.44
7074, 0.52
7075, 0.39
7076, 0.50
7077, 0.37
7078, 0.37
7079, 0.49
7080, 0.52
7081, 0.52
7082, 0.38
7083, 0.57
7084, 0.39
7085, 0.55
7086, 0.56
7087, 0.53
7088, 0.50
7089, 0.43
7090, 0.43
7091, 0.54
7092, 0.59
7093, 0.42
7094, 0.45
7095, 0.46
7096, 0.58
7097, 0.45
7098, 0.53
7099, 0.45
7100, 0.49
7101, 0.46
7102, 0.37
7103, 0.54
7104, 0.40
7105, 0.49
7106, 0.39
7107, 0.46
7108, 0.55
7109, 0.58
7110, 0.37
7111, 0.62
7112, 0.58
7113, 0.43
7114, 0.48
7115, 0.38
7116, 0.54
7117, 0.49
7118, 0.53
7119, 0.48
7120, 0.42
7121, 0.50
7122, 0.41
7123, 0.58
7124, 0.52
7125, 0.49
7126, 0.57
7127, 0.35
7128, 0.56
7129, 0.55
7130, 0.43
7131, 0.55
7132, 0.36
7133, 0.39
7134, 0.46
7135, 0.55
7136, 0.53
7137, 0.39
7138, 0.59
7139, 0.47
7140, 0.37
7141, 0.51
7142, 0.54
7143, 0.58
7144, 0.53
7145, 0.59
7146, 0.52
7147, 0.48
7148, 0.52
7149, 0.37
7150, 0.37
7151, 0.50
7152, 0.61
7153, 0.39
7154, 0.57
7155, 0.43
7156, 0.41
7157, 0.62
7158, 0.45
7159, 0.51
7160, 0.52
7161, 0.44
7162, 0.35
7163, 0.54
7164, 0.53
7165, 0.51
7166, 0.50
7167, 0.54
7168, 0.41
7169, 0.36
7170, 0.57
7171, 0.35
7172, 0.40
7173, 0.42
7174, 0.54
7175, 0.50
7176, 0.54
7177, 0.56
7178, 0.53
7179, 0.60
7180, 0.39
7181, 0.50
7182, 0.37
7183, 0.51
7184, 0.57
7185, 0.50
7186, 0.43
7187, 0.49
7188, 0.61
7189, 0.38
7190, 0.53
7191, 0.56
7192, 0.58
7193, 0.58
7194, 0.45
7195, 0.40
7196, 0.50
7197, 0.55
7198, 0.41
7199, 0.38
7200, 0.37
7201, 0.48
7202, 0.54
7203, 0.45
7204, 0.43
7205, 0.39
7206, 0.51
7207, 0.57
7208, 0.47
7209, 0.50
7210, 0.54
7211, 0.38
7212, 0.35
7213, 0.50
7214, 0.52
7215, 0.41
7216, 0.55
7217, 0.36
7218, 0.53
7219, 0.49
7220, 0.52
7221, 0.41
7222, 0.49
7223, 0.54
7224, 0.49
7225, 0.56
7226, 0.42
7227, 0.53
7228, 0.42
7229, 0.52
7230, 0.55
7231, 0.59
7232, 0.53
7233, 0.51
7234, 0.44
7235, 0.57
7236, 0.58
7237, 0.47
7238, 0.55
7239, 0.34
7240, 0.40
7241, 0.56
7242, 0.37
7243, 0.38
7244, 0.50
7245, 0.46
7246, 0.52
7247, 0.45
7248, 0.37
7249, 0.50
7250, 0.54
7251, 0.44
7252, 0.54
7253, 0.48
7254, 0.37
7255, 0.56
7256, 0.49
7257, 0.53
7258, 0.52
7259, 0.59
7260, 0.35
7261, 0.46
7262, 0.40
7263, 0.56
7264, 0.58
7265, 0.51
7266, 0.36
7267, 0.59
7268, 0.49
7269, 0.41
7270, 0.47
7271, 0.47
7272, 0.38
7273, 0.55
7274, 0.47
7275, 0.35
7276, 0.51
7277, 0.55
7278, 0.36
7279, 0.53
7280, 0.53
7281, 0.56
7282, 0.50
7283, 0.51
7284, 0.48
7285, 0.42
7286, 0.54
7287, 0.59
7288, 0.50
7289, 0.49
7290, 0.41
7291, 0.51
7292, 0.46
7293, 0.40
7294, 0.49
7295, 0.38
7296, 0.42
7297, 0.39
7298, 0.52
7299, 0.41
7300, 0.54
7301, 0.55
7302, 0.56
7303, 0.53
7304, 0.46
7305, 0.39
7306, 0.40
7307, 0.43
7308, 0.57
7309, 0.58
7310, 0.50
7311, 0.38
7312, 0.42
7313, 0.46
7314, 0.51
7315, 0.37
7316, 0.42
7317, 0.36
7318, 0.40
7319, 0.52
7320, 0.47
7321, 0.59
7322, 0.40
7323, 0.55
7324, 0.52
7325, 0.48
7326, 0.45
7327, 0.53
7328, 0.34
7329, 0.58
7330, 0.47
7331, 0.50
7332, 0.52
7333, 0.49
7334, 0.43
7335, 0.48
7336, 0.40
7337, 0.47
7338, 0.48
7339, 0.47
7340, 0.42
7341, 0.46
7342, 0.54
7343, 0.47
7344, 0.51
7345, 0.51
7346, 0.52
7347, 0.57
7348, 0.58
7349, 0.53
7350, 0.50
7351, 0.51
7352, 0.53
7353, 0.35
7354, 0.59
7355, 0.52
7356, 0.57
7357, 0.49
7358, 0.45
7359, 0.50
7360, 0.59
7361, 0.41
7362, 0.55
7363, 0.45
7364, 0.37
7365, 0.43
7366, 0.52
7367, 0.35
7368, 0.48
7369, 0.49
7370, 0.57
7371, 0.37
7372, 0.41
7373, 0.55
7374, 0.40
7375, 0.61
7376, 0.39
7377, 0.35
7378, 0.46
7379, 0.44
7380, 0.53
7381, 0.54
7382, 0.42
7383, 0.41
7384, 0.36
7385, 0.51
7386, 0.58
7387, 0.51
7388, 0.39
7389, 0.56
7390, 0.51
7391, 0.43
7392, 0.50
7393, 0.54
7394, 0.41
7395, 0.51
7396, 0.40
7397, 0.56
7398, 0.52
7399, 0.50
7400, 0.52
7401, 0.52
7402, 0.47
7403, 0.43
7404, 0.52
7405, 0.36
7406, 0.50
7407, 0.57
7408, 0.51
7409, 0.44
7410, 0.35
7411, 0.39
7412, 0.59
7413, 0.47
7414, 0.47
7415, 0.58
7416, 0.38
7417, 0.49
7418, 0.55
7419, 0.51
7420, 0.43
7421, 0.59
