Id,Predicted
0, 0.46
1, 0.21
2, 0.56
3, 0.28
4, 0.92
5, 0.10
6, 0.57
7, 0.26
8, 0.31
9, 0.39
10, 0.57
11, 0.42
12, 0.57
13, 0.57
14, 1.00
15, 0.93
16, 0.94
17, 0.52
18, 0.57
19, 0.21
20, 0.26
21, 0.81
22, 0.51
23, 0.51
24, 0.49
25, 0.31
26, 0.57
27, 0.55
28, 0.53
29, 0.45
30, 0.57
31, 0.36
32, 0.57
33, 0.14
34, 0.57
35, 0.40
36, 0.46
37, 0.57
38, 0.57
39, 0.76
40, 0.55
41, 0.40
42, 0.42
43, 0.44
44, 0.93
45, 0.57
46, 0.57
47, 0.24
48, 0.57
49, 0.49
50, 0.18
51, 0.57
52, 0.17
53, 0.45
54, 0.46
55, 0.41
56, 0.57
57, 0.30
58, 0.27
59, 0.53
60, 0.57
61, 0.28
62, 0.32
63, 0.98
64, 0.60
65, 0.44
66, 0.57
67, 0.57
68, 0.20
69, 0.33
70, 0.55
71, 0.97
72, 0.93
73, 0.52
74, 0.10
75, 0.82
76, 0.54
77, 0.57
78, 0.34
79, 0.19
80, 0.57
81, 0.37
82, 1.00
83, 1.00
84, 0.45
85, 0.99
86, 0.57
87, 0.55
88, 0.57
89, 0.89
90, 0.37
91, 0.93
92, 0.56
93, 0.57
94, 0.95
95, 0.33
96, 0.17
97, 0.51
98, 0.96
99, 0.57
100, 0.57
101, 0.45
102, 0.18
103, 0.55
104, 0.57
105, 0.57
106, 0.57
107, 0.57
108, 0.52
109, 0.57
110, 0.20
111, 0.57
112, 0.27
113, 0.57
114, 0.57
115, 0.57
116, 0.57
117, 0.48
118, 0.11
119, 0.25
120, 0.24
121, 0.55
122, 0.45
123, 0.37
124, 0.57
125, 0.17
126, 0.57
127, 0.57
128, 0.57
129, 0.63
130, 0.11
131, 0.97
132, 0.23
133, 0.57
134, 0.40
135, 0.45
136, 0.22
137, 0.28
138, 0.57
139, 0.57
140, 0.49
141, 0.53
142, 0.57
143, 0.99
144, 0.99
145, 0.52
146, 0.57
147, 0.26
148, 0.23
149, 0.30
150, 0.47
151, 0.96
152, 0.21
153, 0.17
154, 0.52
155, 0.57
156, 0.32
157, 0.43
158, 0.57
159, 0.34
160, 0.57
161, 0.57
162, 0.43
163, 0.20
164, 0.57
165, 0.57
166, 0.21
167, 0.57
168, 0.99
169, 0.42
170, 0.32
171, 0.39
172, 0.55
173, 0.57
174, 0.37
175, 0.57
176, 0.32
177, 0.13
178, 0.57
179, 0.39
180, 0.57
181, 0.57
182, 0.82
183, 0.32
184, 0.17
185, 0.57
186, 0.40
187, 0.57
188, 0.57
189, 0.51
190, 0.57
191, 0.57
192, 0.42
193, 0.43
194, 0.37
195, 0.48
196, 0.57
197, 0.57
198, 0.16
199, 0.24
200, 0.43
201, 0.31
202, 0.56
203, 0.26
204, 0.57
205, 0.34
206, 0.13
207, 0.57
208, 0.85
209, 0.57
210, 0.37
211, 0.57
212, 0.57
213, 0.57
214, 0.18
215, 0.51
216, 0.53
217, 0.56
218, 0.42
219, 0.14
220, 0.23
221, 0.41
222, 0.28
223, 0.16
224, 0.51
225, 0.35
226, 0.36
227, 0.90
228, 0.57
229, 0.34
230, 0.18
231, 0.29
232, 0.28
233, 0.49
234, 0.17
235, 0.13
236, 0.40
237, 0.25
238, 0.53
239, 0.44
240, 0.56
241, 0.57
242, 0.17
243, 0.19
244, 0.45
245, 0.57
246, 0.53
247, 0.47
248, 0.32
249, 0.35
250, 0.97
251, 0.32
252, 0.57
253, 0.14
254, 0.57
255, 0.57
256, 0.57
257, 0.41
258, 0.56
259, 0.51
260, 0.21
261, 0.22
262, 0.23
263, 0.99
264, 0.47
265, 0.57
266, 0.55
267, 0.57
268, 0.57
269, 0.57
270, 0.47
271, 0.57
272, 0.35
273, 0.28
274, 0.57
275, 0.57
276, 0.31
277, 0.28
278, 0.68
279, 0.55
280, 0.99
281, 0.57
282, 0.97
283, 0.36
284, 0.57
285, 0.57
286, 0.46
287, 0.57
288, 0.97
289, 0.57
290, 0.39
291, 0.57
292, 0.78
293, 0.25
294, 0.30
295, 0.57
296, 0.27
297, 0.57
298, 0.27
299, 0.53
300, 0.39
301, 0.48
302, 0.47
303, 0.41
304, 0.57
305, 0.47
306, 0.57
307, 0.45
308, 0.57
309, 0.41
310, 0.57
311, 0.21
312, 0.94
313, 0.53
314, 0.40
315, 0.41
316, 0.25
317, 0.57
318, 0.46
319, 0.07
320, 0.32
321, 0.96
322, 0.14
323, 0.11
324, 0.51
325, 0.89
326, 0.57
327, 0.30
328, 0.51
329, 0.55
330, 0.94
331, 0.57
332, 0.18
333, 0.28
334, 0.97
335, 0.44
336, 0.17
337, 0.49
338, 0.38
339, 0.57
340, 0.57
341, 0.57
342, 0.57
343, 0.22
344, 0.97
345, 0.57
346, 0.57
347, 0.56
348, 0.57
349, 0.57
350, 0.90
351, 0.40
352, 0.57
353, 0.52
354, 0.57
355, 0.53
356, 0.40
357, 0.44
358, 0.33
359, 0.52
360, 0.34
361, 0.50
362, 0.28
363, 0.57
364, 0.56
365, 0.53
366, 0.57
367, 0.75
368, 0.26
369, 0.19
370, 0.47
371, 0.59
372, 0.29
373, 0.57
374, 0.53
375, 0.48
376, 0.52
377, 0.57
378, 0.50
379, 0.37
380, 0.43
381, 0.21
382, 0.21
383, 0.56
384, 0.57
385, 0.52
386, 0.19
387, 0.49
388, 0.38
389, 0.17
390, 0.94
391, 0.57
392, 0.57
393, 0.17
394, 0.56
395, 0.57
396, 0.51
397, 0.15
398, 0.57
399, 0.94
400, 0.37
401, 0.35
402, 0.57
403, 0.55
404, 0.34
405, 0.57
406, 0.19
407, 0.57
408, 0.57
409, 0.32
410, 0.23
411, 0.18
412, 0.38
413, 0.57
414, 0.15
415, 0.57
416, 0.42
417, 0.75
418, 0.57
419, 0.54
420, 0.57
421, 0.50
422, 0.57
423, 0.96
424, 0.95
425, 0.57
426, 0.57
427, 0.57
428, 0.99
429, 0.18
430, 0.32
431, 0.89
432, 0.50
433, 0.13
434, 0.98
435, 0.53
436, 0.53
437, 0.57
438, 0.55
439, 0.23
440, 0.98
441, 0.43
442, 0.13
443, 0.57
444, 0.56
445, 0.57
446, 0.52
447, 0.18
448, 0.38
449, 0.71
450, 0.52
451, 0.38
452, 0.52
453, 0.57
454, 0.35
455, 0.29
456, 0.57
457, 0.24
458, 0.57
459, 0.57
460, 0.54
461, 0.47
462, 0.55
463, 1.00
464, 0.95
465, 0.57
466, 0.47
467, 0.57
468, 0.94
469, 0.35
470, 0.36
471, 0.44
472, 0.23
473, 0.47
474, 0.75
475, 0.68
476, 0.98
477, 0.57
478, 0.33
479, 0.43
480, 0.45
481, 0.45
482, 0.97
483, 0.52
484, 0.19
485, 0.52
486, 0.25
487, 0.96
488, 0.47
489, 0.57
490, 0.09
491, 0.41
492, 0.38
493, 0.43
494, 0.33
495, 0.16
496, 0.28
497, 0.57
498, 0.87
499, 0.57
500, 0.87
501, 0.34
502, 0.17
503, 0.48
504, 0.57
505, 0.93
506, 0.57
507, 0.96
508, 0.57
509, 0.31
510, 0.57
511, 0.51
512, 0.52
513, 0.48
514, 0.56
515, 0.57
516, 0.30
517, 0.98
518, 0.56
519, 0.26
520, 0.31
521, 0.43
522, 0.35
523, 0.57
524, 0.57
525, 0.44
526, 0.55
527, 0.57
528, 0.51
529, 0.32
530, 0.55
531, 0.52
532, 0.53
533, 0.57
534, 0.57
535, 0.57
536, 0.40
537, 0.49
538, 0.57
539, 0.57
540, 0.95
541, 0.43
542, 0.50
543, 0.99
544, 0.35
545, 0.34
546, 0.99
547, 0.47
548, 0.36
549, 0.38
550, 0.44
551, 0.49
552, 0.97
553, 0.07
554, 0.57
555, 0.39
556, 0.16
557, 0.98
558, 0.57
559, 0.35
560, 0.56
561, 0.20
562, 0.54
563, 1.00
564, 0.43
565, 0.87
566, 0.40
567, 0.83
568, 0.30
569, 1.00
570, 0.44
571, 0.57
572, 0.57
573, 0.25
574, 0.27
575, 0.57
576, 0.57
577, 0.57
578, 0.57
579, 0.49
580, 0.45
581, 0.57
582, 0.44
583, 0.47
584, 0.39
585, 0.33
586, 0.22
587, 0.45
588, 0.57
589, 0.13
590, 0.22
591, 0.57
592, 0.57
593, 0.97
594, 0.57
595, 0.92
596, 0.35
597, 0.48
598, 0.57
599, 0.57
600, 0.57
601, 0.99
602, 0.57
603, 0.24
604, 0.57
605, 0.15
606, 0.42
607, 0.12
608, 0.99
609, 0.29
610, 0.57
611, 0.48
612, 0.53
613, 0.55
614, 0.57
615, 0.18
616, 0.35
617, 0.53
618, 0.16
619, 0.27
620, 0.57
621, 0.47
622, 0.55
623, 0.45
624, 0.38
625, 0.28
626, 0.53
627, 0.99
628, 0.36
629, 0.52
630, 0.57
631, 0.40
632, 0.32
633, 0.40
634, 0.65
635, 0.47
636, 1.00
637, 0.50
638, 0.49
639, 0.57
640, 0.35
641, 0.51
642, 0.47
643, 0.57
644, 0.57
645, 0.51
646, 0.20
647, 0.52
648, 0.97
649, 0.47
650, 0.50
651, 0.57
652, 0.52
653, 0.57
654, 0.93
655, 0.42
656, 0.57
657, 0.57
658, 0.36
659, 0.30
660, 1.00
661, 0.48
662, 0.54
663, 0.57
664, 0.36
665, 0.57
666, 0.46
667, 0.97
668, 0.57
669, 0.96
670, 0.39
671, 0.45
672, 0.98
673, 0.52
674, 0.40
675, 0.99
676, 0.22
677, 0.70
678, 0.25
679, 0.57
680, 0.94
681, 0.93
682, 0.29
683, 0.57
684, 0.54
685, 0.43
686, 0.56
687, 0.57
688, 0.38
689, 0.46
690, 0.53
691, 0.97
692, 0.57
693, 0.28
694, 0.57
695, 0.48
696, 0.57
697, 0.37
698, 0.26
699, 0.57
700, 0.21
701, 0.37
702, 0.39
703, 0.56
704, 0.36
705, 0.57
706, 0.15
707, 0.27
708, 0.31
709, 0.12
710, 0.98
711, 0.57
712, 0.45
713, 0.56
714, 0.56
715, 0.35
716, 0.36
717, 0.57
718, 0.57
719, 0.47
720, 0.14
721, 0.57
722, 0.23
723, 0.45
724, 0.27
725, 0.43
726, 0.57
727, 0.57
728, 0.57
729, 0.38
730, 0.36
731, 0.17
732, 0.53
733, 0.88
734, 0.29
735, 0.37
736, 0.41
737, 0.22
738, 0.43
739, 0.38
740, 0.53
741, 0.17
742, 0.57
743, 0.17
744, 1.00
745, 0.57
746, 0.57
747, 0.57
748, 0.29
749, 0.57
750, 0.44
751, 0.27
752, 0.57
753, 0.90
754, 0.45
755, 0.39
756, 0.57
757, 0.57
758, 0.24
759, 0.52
760, 0.10
761, 0.46
762, 0.46
763, 0.50
764, 0.41
765, 0.05
766, 0.57
767, 0.34
768, 0.23
769, 0.52
770, 0.47
771, 0.57
772, 0.51
773, 0.22
774, 0.57
775, 0.57
776, 0.57
777, 0.38
778, 0.57
779, 0.57
780, 0.37
781, 0.57
782, 0.53
783, 0.38
784, 0.47
785, 0.41
786, 0.40
787, 0.33
788, 0.65
789, 0.19
790, 0.35
791, 0.57
792, 0.44
793, 0.22
794, 0.42
795, 0.57
796, 0.34
797, 0.50
798, 0.57
799, 0.96
800, 0.46
801, 0.57
802, 0.57
803, 0.97
804, 0.40
805, 0.53
806, 0.07
807, 0.53
808, 0.22
809, 0.13
810, 0.40
811, 0.51
812, 0.91
813, 0.16
814, 0.41
815, 0.40
816, 0.58
817, 0.24
818, 0.29
819, 0.33
820, 0.42
821, 0.21
822, 0.99
823, 0.37
824, 0.20
825, 0.21
826, 0.44
827, 0.57
828, 0.97
829, 0.37
830, 0.22
831, 0.57
832, 0.57
833, 0.57
834, 0.57
835, 0.57
836, 0.57
837, 0.52
838, 0.57
839, 0.57
840, 0.22
841, 0.57
842, 0.57
843, 0.45
844, 0.42
845, 0.38
846, 0.57
847, 0.07
848, 0.55
849, 0.46
850, 0.13
851, 0.46
852, 0.26
853, 0.56
854, 0.57
855, 0.86
856, 0.48
857, 0.57
858, 0.57
859, 0.57
860, 0.57
861, 0.20
862, 0.57
863, 0.46
864, 0.57
865, 0.46
866, 0.04
867, 0.19
868, 0.33
869, 0.57
870, 0.22
871, 0.57
872, 0.88
873, 0.96
874, 0.08
875, 0.15
876, 0.37
877, 0.57
878, 0.41
879, 0.42
880, 0.57
881, 0.44
882, 0.36
883, 0.57
884, 0.36
885, 0.56
886, 0.97
887, 0.28
888, 0.57
889, 0.34
890, 0.67
891, 0.57
892, 0.57
893, 0.27
894, 1.00
895, 0.49
896, 0.57
897, 0.42
898, 0.53
899, 0.17
900, 0.51
901, 0.51
902, 0.33
903, 0.32
904, 0.94
905, 0.98
906, 0.37
907, 0.56
908, 0.29
909, 0.57
910, 1.00
911, 0.33
912, 0.25
913, 0.27
914, 0.26
915, 0.45
916, 0.57
917, 0.92
918, 0.26
919, 0.57
920, 0.41
921, 0.47
922, 0.44
923, 0.57
924, 0.57
925, 0.57
926, 0.51
927, 0.99
928, 0.12
929, 0.96
930, 0.55
931, 0.50
932, 0.52
933, 0.54
934, 0.56
935, 0.48
936, 0.57
937, 0.43
938, 0.57
939, 0.49
940, 0.50
941, 0.25
942, 0.28
943, 0.22
944, 0.46
945, 0.40
946, 0.57
947, 0.97
948, 0.20
949, 0.66
950, 0.47
951, 0.69
952, 0.41
953, 0.57
954, 0.35
955, 0.54
956, 0.46
957, 0.48
958, 0.57
959, 0.17
960, 0.57
961, 0.57
962, 0.49
963, 0.76
964, 0.52
965, 0.35
966, 0.57
967, 0.67
968, 0.57
969, 0.49
970, 0.48
971, 0.28
972, 0.40
973, 0.23
974, 0.52
975, 0.46
976, 0.57
977, 0.30
978, 0.33
979, 0.49
980, 0.42
981, 0.39
982, 0.57
983, 0.57
984, 0.50
985, 0.56
986, 0.13
987, 0.53
988, 0.57
989, 0.57
990, 0.25
991, 0.35
992, 0.38
993, 0.46
994, 0.24
995, 0.57
996, 0.56
997, 0.50
998, 0.30
999, 0.45
1000, 0.40
1001, 0.57
1002, 0.49
1003, 0.37
1004, 0.96
1005, 0.29
1006, 0.23
1007, 1.00
1008, 0.57
1009, 0.10
1010, 0.29
1011, 0.30
1012, 0.57
1013, 0.32
1014, 0.12
1015, 0.52
1016, 0.41
1017, 0.45
1018, 0.55
1019, 0.56
1020, 0.23
1021, 0.57
1022, 0.57
1023, 0.56
1024, 0.48
1025, 0.44
1026, 0.97
1027, 0.41
1028, 0.99
1029, 0.57
1030, 0.34
1031, 0.74
1032, 0.42
1033, 0.37
1034, 0.57
1035, 0.89
1036, 0.57
1037, 0.57
1038, 0.43
1039, 0.57
1040, 0.44
1041, 0.52
1042, 0.96
1043, 0.49
1044, 0.57
1045, 0.51
1046, 0.26
1047, 0.39
1048, 0.31
1049, 0.35
1050, 0.45
1051, 0.80
1052, 0.57
1053, 0.18
1054, 0.27
1055, 0.99
1056, 0.10
1057, 0.35
1058, 0.27
1059, 0.36
1060, 0.38
1061, 0.46
1062, 0.33
1063, 0.57
1064, 0.98
1065, 0.27
1066, 0.99
1067, 0.49
1068, 0.21
1069, 0.52
1070, 0.34
1071, 0.52
1072, 0.43
1073, 0.45
1074, 0.23
1075, 0.20
1076, 0.43
1077, 0.44
1078, 0.45
1079, 0.25
1080, 0.16
1081, 0.47
1082, 0.56
1083, 0.98
1084, 0.57
1085, 0.57
1086, 0.39
1087, 0.53
1088, 0.57
1089, 0.57
1090, 0.45
1091, 0.53
1092, 0.35
1093, 0.31
1094, 0.57
1095, 0.57
1096, 0.39
1097, 0.57
1098, 0.49
1099, 0.48
1100, 0.50
1101, 0.34
1102, 0.57
1103, 0.43
1104, 0.33
1105, 0.41
1106, 0.27
1107, 0.35
1108, 0.41
1109, 0.20
1110, 0.57
1111, 0.57
1112, 0.57
1113, 0.57
1114, 0.97
1115, 0.57
1116, 0.57
1117, 0.25
1118, 0.80
1119, 0.57
1120, 0.96
1121, 0.15
1122, 0.57
1123, 0.95
1124, 0.97
1125, 0.31
1126, 0.57
1127, 0.41
1128, 0.57
1129, 0.23
1130, 0.38
1131, 0.46
1132, 0.57
1133, 0.57
1134, 0.17
1135, 0.42
1136, 0.39
1137, 0.57
1138, 0.33
1139, 0.33
1140, 0.95
1141, 0.26
1142, 0.26
1143, 0.57
1144, 0.52
1145, 0.57
1146, 0.57
1147, 0.18
1148, 0.99
1149, 1.00
1150, 0.32
1151, 0.57
1152, 0.99
1153, 0.11
1154, 0.19
1155, 0.18
1156, 0.18
1157, 0.25
1158, 0.24
1159, 0.64
1160, 0.57
1161, 0.51
1162, 0.19
1163, 0.35
1164, 0.57
1165, 0.99
1166, 0.47
1167, 0.57
1168, 0.45
1169, 0.57
1170, 0.38
1171, 0.57
1172, 0.96
1173, 0.57
1174, 0.99
1175, 0.53
1176, 0.53
1177, 0.27
1178, 0.42
1179, 0.37
1180, 0.57
1181, 0.55
1182, 0.16
1183, 0.57
1184, 0.57
1185, 0.57
1186, 0.99
1187, 0.57
1188, 0.57
1189, 0.57
1190, 0.35
1191, 0.95
1192, 0.57
1193, 0.57
1194, 0.57
1195, 0.57
1196, 0.47
1197, 0.23
1198, 0.25
1199, 0.98
1200, 0.37
1201, 0.57
1202, 0.57
1203, 0.99
1204, 0.35
1205, 0.53
1206, 0.38
1207, 0.57
1208, 0.33
1209, 0.43
1210, 0.47
1211, 0.57
1212, 0.44
1213, 0.55
1214, 0.33
1215, 0.57
1216, 0.57
1217, 0.16
1218, 0.45
1219, 0.57
1220, 0.16
1221, 0.93
1222, 0.37
1223, 0.57
1224, 0.57
1225, 0.41
1226, 0.42
1227, 0.22
1228, 0.57
1229, 0.38
1230, 0.33
1231, 0.03
1232, 0.57
1233, 0.36
1234, 0.57
1235, 0.43
1236, 0.39
1237, 0.57
1238, 0.41
1239, 0.23
1240, 0.14
1241, 0.35
1242, 0.36
1243, 0.57
1244, 0.22
1245, 0.57
1246, 0.45
1247, 0.22
1248, 0.56
1249, 0.49
1250, 0.57
1251, 0.90
1252, 0.54
1253, 0.57
1254, 0.50
1255, 0.44
1256, 1.00
1257, 0.94
1258, 0.57
1259, 0.41
1260, 0.28
1261, 0.57
1262, 0.36
1263, 0.26
1264, 0.44
1265, 0.57
1266, 0.56
1267, 0.54
1268, 0.57
1269, 0.42
1270, 0.35
1271, 0.49
1272, 0.95
1273, 1.00
1274, 0.51
1275, 0.57
1276, 0.45
1277, 0.24
1278, 0.49
1279, 0.97
1280, 0.36
1281, 0.42
1282, 0.36
1283, 0.57
1284, 0.57
1285, 0.95
1286, 0.63
1287, 0.57
1288, 0.53
1289, 0.47
1290, 0.47
1291, 0.97
1292, 0.27
1293, 0.98
1294, 0.57
1295, 0.57
1296, 0.45
1297, 0.57
1298, 0.31
1299, 0.35
1300, 0.28
1301, 0.55
1302, 0.37
1303, 0.38
1304, 0.24
1305, 0.57
1306, 0.99
1307, 0.27
1308, 0.48
1309, 0.51
1310, 0.53
1311, 0.31
1312, 0.20
1313, 0.57
1314, 0.31
1315, 0.99
1316, 0.43
1317, 0.07
1318, 0.49
1319, 0.55
1320, 0.37
1321, 0.44
1322, 0.16
1323, 0.57
1324, 0.57
1325, 0.52
1326, 0.53
1327, 0.57
1328, 0.69
1329, 0.57
1330, 0.31
1331, 0.57
1332, 0.91
1333, 0.43
1334, 0.57
1335, 0.57
1336, 0.19
1337, 0.48
1338, 0.40
1339, 0.87
1340, 0.48
1341, 0.22
1342, 0.39
1343, 0.56
1344, 0.57
1345, 0.97
1346, 0.36
1347, 0.53
1348, 0.23
1349, 0.35
1350, 0.36
1351, 0.18
1352, 0.29
1353, 0.37
1354, 0.57
1355, 0.49
1356, 0.32
1357, 0.57
1358, 0.57
1359, 0.45
1360, 0.57
1361, 0.37
1362, 0.98
1363, 0.57
1364, 0.57
1365, 0.57
1366, 0.45
1367, 1.00
1368, 0.13
1369, 0.57
1370, 0.43
1371, 0.39
1372, 0.57
1373, 0.26
1374, 0.24
1375, 0.90
1376, 0.57
1377, 0.19
1378, 0.47
1379, 0.31
1380, 0.45
1381, 0.46
1382, 0.17
1383, 0.36
1384, 0.39
1385, 0.57
1386, 0.50
1387, 0.47
1388, 0.91
1389, 0.57
1390, 0.32
1391, 0.57
1392, 0.45
1393, 0.57
1394, 0.84
1395, 0.42
1396, 0.57
1397, 0.27
1398, 0.36
1399, 0.32
1400, 0.36
1401, 0.57
1402, 0.37
1403, 0.57
1404, 0.11
1405, 0.14
1406, 0.38
1407, 0.57
1408, 0.46
1409, 0.57
1410, 0.92
1411, 0.15
1412, 0.99
1413, 0.57
1414, 0.57
1415, 0.14
1416, 0.57
1417, 0.55
1418, 0.46
1419, 0.57
1420, 0.57
1421, 0.41
1422, 0.48
1423, 0.57
1424, 0.57
1425, 0.42
1426, 0.42
1427, 0.57
1428, 0.57
1429, 0.25
1430, 0.50
1431, 0.46
1432, 0.57
1433, 0.42
1434, 0.57
1435, 0.30
1436, 0.37
1437, 0.57
1438, 0.15
1439, 0.57
1440, 0.48
1441, 0.44
1442, 0.42
1443, 0.41
1444, 0.57
1445, 0.29
1446, 0.25
1447, 0.15
1448, 0.36
1449, 0.17
1450, 0.57
1451, 0.57
1452, 0.91
1453, 0.94
1454, 0.24
1455, 0.57
1456, 0.24
1457, 0.46
1458, 0.20
1459, 0.45
1460, 0.57
1461, 0.10
1462, 0.27
1463, 0.11
1464, 0.57
1465, 0.27
1466, 0.96
1467, 0.21
1468, 0.57
1469, 0.52
1470, 0.39
1471, 0.36
1472, 0.57
1473, 0.22
1474, 0.50
1475, 0.99
1476, 0.52
1477, 0.57
1478, 0.13
1479, 0.48
1480, 0.88
1481, 0.57
1482, 0.30
1483, 0.57
1484, 0.26
1485, 0.54
1486, 0.49
1487, 0.97
1488, 0.15
1489, 0.57
1490, 0.18
1491, 0.48
1492, 0.53
1493, 0.38
1494, 0.57
1495, 0.92
1496, 0.41
1497, 0.57
1498, 0.05
1499, 0.26
1500, 0.20
1501, 0.57
1502, 0.22
1503, 0.83
1504, 0.57
1505, 0.89
1506, 0.49
1507, 0.57
1508, 0.57
1509, 0.47
1510, 0.57
1511, 0.57
1512, 0.21
1513, 0.36
1514, 0.38
1515, 0.57
1516, 0.44
1517, 1.00
1518, 0.57
1519, 0.20
1520, 0.27
1521, 0.11
1522, 0.38
1523, 0.16
1524, 0.57
1525, 0.57
1526, 0.17
1527, 0.33
1528, 0.50
1529, 0.57
1530, 0.57
1531, 0.94
1532, 0.91
1533, 0.57
1534, 0.51
1535, 0.57
1536, 0.39
1537, 0.57
1538, 0.99
1539, 0.31
1540, 0.50
1541, 0.98
1542, 0.57
1543, 0.25
1544, 0.52
1545, 0.55
1546, 0.57
1547, 0.57
1548, 0.55
1549, 0.57
1550, 0.11
1551, 0.57
1552, 0.57
1553, 0.42
1554, 0.31
1555, 0.19
1556, 0.43
1557, 1.00
1558, 0.42
1559, 0.29
1560, 0.98
1561, 0.30
1562, 0.22
1563, 0.10
1564, 0.93
1565, 0.81
1566, 0.57
1567, 0.53
1568, 0.57
1569, 0.41
1570, 0.57
1571, 0.93
1572, 0.94
1573, 0.22
1574, 0.18
1575, 0.52
1576, 0.71
1577, 0.97
1578, 0.94
1579, 0.55
1580, 0.34
1581, 0.30
1582, 0.30
1583, 0.57
1584, 0.10
1585, 0.57
1586, 0.19
1587, 0.44
1588, 0.52
1589, 0.74
1590, 0.13
1591, 0.90
1592, 0.53
1593, 0.57
1594, 0.57
1595, 0.06
1596, 0.57
1597, 0.57
1598, 0.98
1599, 0.48
1600, 0.09
1601, 0.23
1602, 0.48
1603, 0.46
1604, 0.55
1605, 0.17
1606, 0.35
1607, 0.57
1608, 0.35
1609, 0.30
1610, 0.57
1611, 0.57
1612, 0.57
1613, 0.17
1614, 0.60
1615, 0.99
1616, 0.57
1617, 0.57
1618, 0.57
1619, 0.31
1620, 0.92
1621, 0.57
1622, 0.86
1623, 0.41
1624, 0.57
1625, 0.57
1626, 0.51
1627, 0.57
1628, 0.57
1629, 0.98
1630, 0.57
1631, 0.38
1632, 0.57
1633, 0.36
1634, 0.57
1635, 0.28
1636, 0.91
1637, 0.42
1638, 0.45
1639, 0.29
1640, 0.12
1641, 0.57
1642, 0.98
1643, 0.94
1644, 0.51
1645, 0.31
1646, 0.18
1647, 0.96
1648, 0.57
1649, 0.21
1650, 0.57
1651, 0.47
1652, 0.33
1653, 0.83
1654, 0.13
1655, 0.51
1656, 0.45
1657, 0.32
1658, 0.57
1659, 0.57
1660, 0.53
1661, 0.12
1662, 0.26
1663, 0.56
1664, 0.57
1665, 0.99
1666, 0.50
1667, 0.57
1668, 0.26
1669, 0.35
1670, 0.57
1671, 0.95
1672, 0.39
1673, 0.43
1674, 0.94
1675, 0.13
1676, 0.41
1677, 0.44
1678, 0.50
1679, 0.84
1680, 0.41
1681, 0.88
1682, 1.00
1683, 0.28
1684, 0.49
1685, 0.57
1686, 0.57
1687, 0.56
1688, 0.20
1689, 0.48
1690, 0.57
1691, 0.57
1692, 0.43
1693, 0.18
1694, 0.57
1695, 0.45
1696, 0.57
1697, 0.39
1698, 0.45
1699, 0.57
1700, 0.53
1701, 0.57
1702, 0.57
1703, 0.90
1704, 0.28
1705, 0.35
1706, 0.93
1707, 0.51
1708, 0.35
1709, 0.57
1710, 0.26
1711, 0.57
1712, 0.57
1713, 0.53
1714, 0.57
1715, 1.00
1716, 1.00
1717, 0.25
1718, 0.08
1719, 0.55
1720, 0.45
1721, 0.43
1722, 0.57
1723, 0.51
1724, 0.36
1725, 0.38
1726, 0.94
1727, 0.32
1728, 0.57
1729, 0.96
1730, 0.38
1731, 0.48
1732, 0.57
1733, 0.57
1734, 0.28
1735, 0.49
1736, 0.36
1737, 0.24
1738, 0.98
1739, 0.57
1740, 0.81
1741, 0.57
1742, 0.57
1743, 0.25
1744, 0.31
1745, 0.39
1746, 0.57
1747, 0.57
1748, 0.57
1749, 0.57
1750, 0.57
1751, 0.18
1752, 0.39
1753, 0.57
1754, 0.92
1755, 0.57
1756, 0.29
1757, 0.89
1758, 0.40
1759, 0.57
1760, 0.34
1761, 0.57
1762, 0.36
1763, 0.45
1764, 0.57
1765, 0.52
1766, 0.57
1767, 0.98
1768, 0.12
1769, 0.57
1770, 0.39
1771, 0.22
1772, 0.40
1773, 0.57
1774, 0.51
1775, 0.57
1776, 0.53
1777, 0.45
1778, 0.57
1779, 0.46
1780, 0.91
1781, 0.57
1782, 0.44
1783, 0.45
1784, 0.21
1785, 0.42
1786, 0.57
1787, 0.77
1788, 0.53
1789, 0.29
1790, 0.57
1791, 0.18
1792, 0.57
1793, 0.35
1794, 0.29
1795, 0.18
1796, 0.31
1797, 0.57
1798, 0.22
1799, 0.54
1800, 1.00
1801, 0.42
1802, 0.57
1803, 0.57
1804, 0.25
1805, 0.43
1806, 1.00
1807, 0.47
1808, 0.57
1809, 0.52
1810, 0.56
1811, 0.57
1812, 0.52
1813, 0.54
1814, 0.40
1815, 0.57
1816, 0.17
1817, 0.57
1818, 0.57
1819, 0.56
1820, 0.55
1821, 0.21
1822, 0.36
1823, 0.18
1824, 0.45
1825, 0.48
1826, 0.40
1827, 0.30
1828, 0.26
1829, 0.47
1830, 0.53
1831, 0.51
1832, 0.09
1833, 0.99
1834, 0.57
1835, 0.26
1836, 0.57
1837, 0.40
1838, 0.39
1839, 0.33
1840, 0.41
1841, 0.43
1842, 0.32
1843, 0.29
1844, 0.50
1845, 0.54
1846, 0.88
1847, 0.38
1848, 0.50
1849, 0.57
1850, 0.56
1851, 0.39
1852, 0.57
1853, 0.46
1854, 0.57
1855, 0.47
1856, 0.57
1857, 0.18
1858, 0.15
1859, 0.57
1860, 0.31
1861, 0.47
1862, 0.76
1863, 0.13
1864, 0.35
1865, 0.57
1866, 0.57
1867, 0.47
1868, 0.46
1869, 0.57
1870, 0.48
1871, 0.47
1872, 0.57
1873, 0.48
1874, 0.57
1875, 0.57
1876, 0.98
1877, 0.48
1878, 0.45
1879, 0.54
1880, 0.66
1881, 0.77
1882, 0.57
1883, 0.29
1884, 0.57
1885, 0.27
1886, 0.45
1887, 0.21
1888, 0.57
1889, 0.57
1890, 0.49
1891, 0.53
1892, 0.98
1893, 0.44
1894, 0.26
1895, 0.57
1896, 0.32
1897, 0.46
1898, 0.46
1899, 0.40
1900, 0.57
1901, 0.25
1902, 0.90
1903, 0.34
1904, 0.30
1905, 0.57
1906, 0.48
1907, 1.00
1908, 0.57
1909, 0.57
1910, 0.48
1911, 0.34
1912, 0.83
1913, 0.57
1914, 0.50
1915, 0.26
1916, 0.57
1917, 0.42
1918, 0.57
1919, 0.83
1920, 0.57
1921, 1.00
1922, 0.57
1923, 0.50
1924, 1.00
1925, 0.20
1926, 0.47
1927, 0.49
1928, 0.57
1929, 0.40
1930, 0.14
1931, 0.49
1932, 0.25
1933, 0.57
1934, 0.48
1935, 0.31
1936, 0.45
1937, 0.54
1938, 0.57
1939, 0.52
1940, 0.57
1941, 0.46
1942, 0.53
1943, 0.57
1944, 0.95
1945, 0.57
1946, 0.54
1947, 0.17
1948, 0.30
1949, 0.93
1950, 0.31
1951, 0.57
1952, 0.57
1953, 0.54
1954, 0.48
1955, 0.52
1956, 0.52
1957, 0.27
1958, 0.57
1959, 0.57
1960, 0.15
1961, 0.99
1962, 0.57
1963, 0.57
1964, 0.49
1965, 0.55
1966, 0.33
1967, 0.51
1968, 0.29
1969, 0.22
1970, 0.95
1971, 0.57
1972, 0.99
1973, 0.55
1974, 0.54
1975, 0.57
1976, 0.20
1977, 0.38
1978, 0.42
1979, 0.57
1980, 0.57
1981, 0.57
1982, 0.36
1983, 0.50
1984, 0.57
1985, 0.49
1986, 0.92
1987, 0.34
1988, 0.38
1989, 0.54
1990, 0.57
1991, 0.57
1992, 0.57
1993, 0.51
1994, 0.52
1995, 0.57
1996, 0.47
1997, 0.42
1998, 0.57
1999, 0.34
2000, 0.53
2001, 0.09
2002, 0.57
2003, 0.32
2004, 0.95
2005, 0.92
2006, 0.57
2007, 0.57
2008, 0.57
2009, 0.51
2010, 0.94
2011, 0.54
2012, 0.57
2013, 0.32
2014, 0.57
2015, 0.29
2016, 0.57
2017, 0.27
2018, 0.57
2019, 0.57
2020, 0.21
2021, 0.44
2022, 0.43
2023, 0.28
2024, 0.40
2025, 0.42
2026, 0.45
2027, 0.90
2028, 0.45
2029, 0.28
2030, 0.14
2031, 0.57
2032, 0.49
2033, 0.07
2034, 0.57
2035, 0.50
2036, 0.57
2037, 0.38
2038, 0.52
2039, 0.50
2040, 0.18
2041, 0.32
2042, 0.46
2043, 0.45
2044, 0.36
2045, 0.53
2046, 0.38
2047, 0.44
2048, 0.57
2049, 0.57
2050, 0.30
2051, 0.18
2052, 0.48
2053, 0.57
2054, 0.53
2055, 0.41
2056, 0.45
2057, 0.29
2058, 0.51
2059, 0.48
2060, 0.25
2061, 0.57
2062, 0.41
2063, 0.57
2064, 0.57
2065, 0.98
2066, 0.08
2067, 0.57
2068, 0.38
2069, 0.29
2070, 0.52
2071, 0.46
2072, 0.10
2073, 0.43
2074, 0.43
2075, 0.37
2076, 0.57
2077, 0.39
2078, 0.57
2079, 0.36
2080, 0.44
2081, 0.91
2082, 0.57
2083, 0.33
2084, 0.57
2085, 0.17
2086, 0.36
2087, 1.00
2088, 0.57
2089, 0.55
2090, 0.57
2091, 0.57
2092, 0.57
2093, 0.57
2094, 0.56
2095, 0.52
2096, 0.33
2097, 0.37
2098, 0.11
2099, 0.35
2100, 0.19
2101, 0.24
2102, 0.43
2103, 0.51
2104, 0.10
2105, 0.57
2106, 0.78
2107, 0.97
2108, 0.52
2109, 0.57
2110, 0.74
2111, 0.57
2112, 0.21
2113, 0.45
2114, 0.18
2115, 0.93
2116, 0.28
2117, 0.57
2118, 0.25
2119, 0.55
2120, 0.20
2121, 0.50
2122, 0.39
2123, 0.57
2124, 0.93
2125, 0.43
2126, 0.50
2127, 0.57
2128, 0.57
2129, 0.43
2130, 0.57
2131, 0.51
2132, 0.41
2133, 0.84
2134, 0.93
2135, 0.57
2136, 0.54
2137, 0.96
2138, 0.51
2139, 0.57
2140, 0.17
2141, 0.99
2142, 0.53
2143, 0.82
2144, 0.54
2145, 0.41
2146, 0.57
2147, 0.47
2148, 0.55
2149, 0.37
2150, 0.29
2151, 0.57
2152, 0.57
2153, 0.42
2154, 0.91
2155, 0.85
2156, 0.49
2157, 0.45
2158, 0.42
2159, 0.57
2160, 0.57
2161, 0.57
2162, 0.38
2163, 0.14
2164, 0.18
2165, 0.50
2166, 0.66
2167, 0.57
2168, 0.93
2169, 0.49
2170, 0.22
2171, 0.42
2172, 0.29
2173, 0.57
2174, 0.52
2175, 0.57
2176, 0.57
2177, 0.57
2178, 0.45
2179, 0.57
2180, 0.57
2181, 0.57
2182, 0.78
2183, 0.57
2184, 0.50
2185, 0.42
2186, 0.57
2187, 0.20
2188, 0.44
2189, 0.36
2190, 0.20
2191, 0.30
2192, 0.21
2193, 0.87
2194, 0.52
2195, 0.45
2196, 0.47
2197, 0.08
2198, 0.43
2199, 0.53
2200, 0.30
2201, 0.38
2202, 0.50
2203, 0.32
2204, 0.57
2205, 0.48
2206, 0.20
2207, 0.53
2208, 0.15
2209, 0.17
2210, 1.00
2211, 0.20
2212, 0.57
2213, 0.39
2214, 0.16
2215, 0.32
2216, 0.10
2217, 0.99
2218, 0.57
2219, 0.46
2220, 0.57
2221, 0.56
2222, 0.44
2223, 0.41
2224, 0.26
2225, 0.42
2226, 0.46
2227, 0.55
2228, 0.25
2229, 0.42
2230, 0.53
2231, 0.57
2232, 0.87
2233, 0.57
2234, 0.51
2235, 0.49
2236, 0.22
2237, 0.40
2238, 0.29
2239, 0.52
2240, 0.57
2241, 0.57
2242, 0.43
2243, 0.97
2244, 0.16
2245, 0.52
2246, 0.57
2247, 0.47
2248, 0.19
2249, 0.41
2250, 0.95
2251, 0.24
2252, 0.50
2253, 0.57
2254, 0.08
2255, 1.00
2256, 0.23
2257, 0.24
2258, 0.51
2259, 0.20
2260, 0.98
2261, 0.44
2262, 0.43
2263, 0.39
2264, 0.14
2265, 0.32
2266, 0.57
2267, 0.45
2268, 0.99
2269, 0.53
2270, 0.17
2271, 0.53
2272, 0.57
2273, 0.26
2274, 0.35
2275, 0.94
2276, 0.57
2277, 0.34
2278, 0.52
2279, 0.23
2280, 0.49
2281, 0.57
2282, 0.57
2283, 0.57
2284, 0.57
2285, 0.57
2286, 0.41
2287, 0.31
2288, 0.41
2289, 0.57
2290, 0.91
2291, 0.20
2292, 0.99
2293, 0.99
2294, 0.44
2295, 0.18
2296, 0.50
2297, 0.41
2298, 0.52
2299, 0.14
2300, 0.85
2301, 0.33
2302, 0.18
2303, 0.43
2304, 0.33
2305, 0.41
2306, 0.30
2307, 0.57
2308, 0.57
2309, 0.57
2310, 0.31
2311, 0.57
2312, 0.57
2313, 0.53
2314, 0.57
2315, 0.47
2316, 0.10
2317, 0.90
2318, 0.57
2319, 0.36
2320, 0.57
2321, 0.20
2322, 0.16
2323, 0.31
2324, 0.25
2325, 0.50
2326, 0.21
2327, 0.20
2328, 0.38
2329, 0.26
2330, 0.57
2331, 0.45
2332, 0.56
2333, 0.99
2334, 0.43
2335, 0.39
2336, 0.99
2337, 0.57
2338, 0.55
2339, 0.54
2340, 0.37
2341, 0.48
2342, 0.18
2343, 0.98
2344, 0.57
2345, 0.42
2346, 0.57
2347, 0.57
2348, 0.57
2349, 0.57
2350, 0.44
2351, 0.97
2352, 0.57
2353, 0.27
2354, 0.57
2355, 0.57
2356, 0.21
2357, 0.85
2358, 0.50
2359, 0.10
2360, 0.29
2361, 0.99
2362, 0.36
2363, 0.90
2364, 0.57
2365, 0.57
2366, 0.35
2367, 0.14
2368, 0.37
2369, 0.39
2370, 0.38
2371, 0.57
2372, 0.53
2373, 0.57
2374, 0.26
2375, 0.57
2376, 0.27
2377, 0.57
2378, 0.50
2379, 0.57
2380, 0.51
2381, 0.19
2382, 0.57
2383, 0.49
2384, 0.57
2385, 0.97
2386, 0.49
2387, 0.97
2388, 0.57
2389, 0.87
2390, 0.50
2391, 0.42
2392, 0.25
2393, 0.39
2394, 0.28
2395, 0.57
2396, 0.43
2397, 0.11
2398, 0.98
2399, 0.18
2400, 0.48
2401, 0.45
2402, 0.38
2403, 0.25
2404, 0.31
2405, 0.38
2406, 0.49
2407, 0.30
2408, 0.96
2409, 0.28
2410, 0.46
2411, 0.57
2412, 0.99
2413, 0.56
2414, 0.41
2415, 0.38
2416, 0.55
2417, 0.57
2418, 0.50
2419, 0.99
2420, 0.57
2421, 0.93
2422, 0.57
2423, 0.50
2424, 0.81
2425, 0.57
2426, 0.27
2427, 0.57
2428, 0.26
2429, 0.50
2430, 0.47
2431, 0.57
2432, 0.72
2433, 0.95
2434, 0.45
2435, 0.28
2436, 0.52
2437, 0.52
2438, 0.41
2439, 0.42
2440, 0.19
2441, 0.42
2442, 0.36
2443, 0.57
2444, 0.24
2445, 0.57
2446, 0.36
2447, 0.42
2448, 0.39
2449, 0.57
2450, 0.57
2451, 0.46
2452, 0.11
2453, 0.42
2454, 0.53
2455, 0.34
2456, 0.91
2457, 0.57
2458, 0.55
2459, 0.35
2460, 0.96
2461, 1.00
2462, 0.57
2463, 0.64
2464, 0.75
2465, 0.35
2466, 0.15
2467, 0.38
2468, 0.43
2469, 0.38
2470, 0.57
2471, 0.52
2472, 0.23
2473, 0.57
2474, 0.29
2475, 0.57
2476, 0.49
2477, 0.36
2478, 0.22
2479, 0.98
2480, 0.36
2481, 0.32
2482, 0.99
2483, 0.57
2484, 0.57
2485, 0.35
2486, 0.57
2487, 0.57
2488, 0.57
2489, 0.37
2490, 0.49
2491, 0.32
2492, 0.53
2493, 0.57
2494, 0.56
2495, 0.23
2496, 0.49
2497, 0.35
2498, 0.92
2499, 0.41
2500, 0.57
2501, 0.39
2502, 0.22
2503, 0.24
2504, 0.44
2505, 0.56
2506, 0.57
2507, 0.57
2508, 0.47
2509, 0.35
2510, 0.57
2511, 0.57
2512, 0.56
2513, 0.97
2514, 0.99
2515, 0.57
2516, 1.00
2517, 0.12
2518, 0.40
2519, 0.17
2520, 0.30
2521, 0.39
2522, 0.57
2523, 0.40
2524, 0.34
2525, 0.57
2526, 0.09
2527, 0.55
2528, 0.54
2529, 0.53
2530, 0.57
2531, 0.57
2532, 0.57
2533, 0.57
2534, 0.43
2535, 0.24
2536, 0.22
2537, 0.57
2538, 0.57
2539, 0.50
2540, 0.57
2541, 0.99
2542, 0.16
2543, 0.51
2544, 0.57
2545, 0.44
2546, 0.31
2547, 0.36
2548, 0.57
2549, 0.24
2550, 0.96
2551, 0.47
2552, 0.55
2553, 0.95
2554, 0.57
2555, 0.57
2556, 0.43
2557, 0.41
2558, 0.54
2559, 0.48
2560, 0.57
2561, 0.23
2562, 0.98
2563, 0.89
2564, 0.36
2565, 0.48
2566, 0.57
2567, 0.45
2568, 0.48
2569, 0.26
2570, 0.40
2571, 0.39
2572, 0.41
2573, 0.96
2574, 0.57
2575, 0.39
2576, 0.57
2577, 0.28
2578, 0.47
2579, 0.36
2580, 0.28
2581, 0.52
2582, 0.37
2583, 0.57
2584, 0.45
2585, 0.47
2586, 0.57
2587, 0.56
2588, 0.24
2589, 0.38
2590, 0.41
2591, 0.38
2592, 0.55
2593, 0.57
2594, 0.57
2595, 0.57
2596, 0.11
2597, 0.52
2598, 0.50
2599, 0.37
2600, 0.48
2601, 0.37
2602, 0.25
2603, 0.57
2604, 0.34
2605, 0.33
2606, 0.93
2607, 0.37
2608, 0.52
2609, 0.51
2610, 0.27
2611, 0.22
2612, 0.57
2613, 0.57
2614, 0.32
2615, 0.57
2616, 0.57
2617, 0.98
2618, 0.57
2619, 0.26
2620, 0.40
2621, 0.20
2622, 0.98
2623, 0.57
2624, 0.24
2625, 0.57
2626, 0.96
2627, 0.96
2628, 0.57
2629, 0.31
2630, 0.51
2631, 0.57
2632, 0.42
2633, 0.99
2634, 1.00
2635, 0.41
2636, 0.41
2637, 0.57
2638, 0.15
2639, 0.40
2640, 0.57
2641, 0.57
2642, 0.57
2643, 0.57
2644, 0.29
2645, 0.57
2646, 0.35
2647, 0.43
2648, 0.57
2649, 0.57
2650, 0.57
2651, 0.46
2652, 0.45
2653, 0.16
2654, 0.57
2655, 0.48
2656, 0.35
2657, 0.99
2658, 0.57
2659, 0.24
2660, 0.57
2661, 0.57
2662, 0.98
2663, 0.50
2664, 0.43
2665, 0.57
2666, 0.57
2667, 0.35
2668, 0.57
2669, 0.16
2670, 0.57
2671, 0.98
2672, 0.27
2673, 0.25
2674, 0.50
2675, 0.17
2676, 0.38
2677, 0.49
2678, 0.95
2679, 0.47
2680, 0.43
2681, 0.76
2682, 0.57
2683, 0.55
2684, 0.46
2685, 0.25
2686, 0.55
2687, 0.57
2688, 0.28
2689, 0.57
2690, 0.43
2691, 0.57
2692, 0.46
2693, 0.21
2694, 0.57
2695, 0.26
2696, 0.35
2697, 0.39
2698, 0.54
2699, 0.57
2700, 0.32
2701, 0.32
2702, 0.32
2703, 0.43
2704, 0.40
2705, 0.57
2706, 0.95
2707, 0.28
2708, 0.57
2709, 0.57
2710, 0.44
2711, 0.30
2712, 0.90
2713, 0.57
2714, 0.35
2715, 0.24
2716, 0.35
2717, 0.22
2718, 0.57
2719, 0.57
2720, 0.57
2721, 0.90
2722, 0.42
2723, 0.57
2724, 0.50
2725, 0.13
2726, 0.55
2727, 0.51
2728, 0.52
2729, 0.50
2730, 0.54
2731, 0.45
2732, 0.57
2733, 0.15
2734, 0.19
2735, 0.57
2736, 0.46
2737, 0.53
2738, 0.34
2739, 0.37
2740, 0.45
2741, 0.36
2742, 0.32
2743, 0.90
2744, 0.25
2745, 0.57
2746, 0.57
2747, 0.23
2748, 0.54
2749, 0.57
2750, 0.57
2751, 0.57
2752, 0.27
2753, 0.57
2754, 0.45
2755, 0.89
2756, 0.20
2757, 0.57
2758, 0.99
2759, 0.39
2760, 0.57
2761, 0.29
2762, 0.57
2763, 0.27
2764, 0.47
2765, 0.51
2766, 0.57
2767, 0.28
2768, 0.57
2769, 0.57
2770, 0.53
2771, 0.00
2772, 0.52
2773, 0.57
2774, 0.57
2775, 0.21
2776, 0.96
2777, 0.98
2778, 0.57
2779, 0.28
2780, 0.57
2781, 0.57
2782, 0.34
2783, 0.57
2784, 0.91
2785, 0.48
2786, 0.94
2787, 0.57
2788, 0.26
2789, 0.90
2790, 0.55
2791, 0.56
2792, 0.87
2793, 0.52
2794, 0.57
2795, 0.57
2796, 0.57
2797, 0.25
2798, 0.53
2799, 0.33
2800, 0.29
2801, 0.24
2802, 0.23
2803, 0.56
2804, 0.09
2805, 0.25
2806, 0.22
2807, 0.45
2808, 0.57
2809, 0.20
2810, 0.43
2811, 0.25
2812, 0.21
2813, 0.36
2814, 0.51
2815, 0.33
2816, 0.57
2817, 0.37
2818, 0.31
2819, 0.57
2820, 0.98
2821, 0.56
2822, 0.38
2823, 0.13
2824, 0.57
2825, 0.24
2826, 0.98
2827, 0.36
2828, 0.45
2829, 0.57
2830, 0.15
2831, 0.57
2832, 0.46
2833, 0.46
2834, 0.95
2835, 0.49
2836, 0.11
2837, 0.97
2838, 0.57
2839, 0.45
2840, 0.57
2841, 0.19
2842, 0.57
2843, 0.57
2844, 0.31
2845, 0.76
2846, 0.43
2847, 0.27
2848, 0.49
2849, 0.57
2850, 0.42
2851, 0.57
2852, 0.30
2853, 0.57
2854, 0.36
2855, 0.40
2856, 0.24
2857, 0.94
2858, 0.55
2859, 0.12
2860, 0.54
2861, 0.40
2862, 0.39
2863, 0.57
2864, 0.57
2865, 0.57
2866, 0.40
2867, 0.57
2868, 0.38
2869, 0.48
2870, 0.26
2871, 0.17
2872, 0.35
2873, 0.45
2874, 0.29
2875, 0.57
2876, 0.28
2877, 0.41
2878, 0.57
2879, 0.57
2880, 0.99
2881, 0.57
2882, 0.89
2883, 0.99
2884, 0.75
2885, 0.49
2886, 0.39
2887, 0.57
2888, 0.34
2889, 0.57
2890, 0.57
2891, 0.57
2892, 0.47
2893, 0.57
2894, 0.55
2895, 0.57
2896, 0.96
2897, 0.13
2898, 0.98
2899, 0.53
2900, 0.46
2901, 0.36
2902, 0.95
2903, 0.99
2904, 0.30
2905, 0.34
2906, 0.57
2907, 0.57
2908, 0.21
2909, 0.29
2910, 0.98
2911, 0.52
2912, 0.28
2913, 0.42
2914, 0.52
2915, 0.88
2916, 0.30
2917, 0.19
2918, 0.57
2919, 0.40
2920, 0.30
2921, 0.98
2922, 0.51
2923, 0.40
2924, 0.65
2925, 0.43
2926, 0.37
2927, 0.57
2928, 0.48
2929, 0.57
2930, 0.35
2931, 0.43
2932, 0.40
2933, 0.40
2934, 0.42
2935, 0.43
2936, 0.44
2937, 0.57
2938, 0.55
2939, 0.23
2940, 0.38
2941, 0.55
2942, 0.46
2943, 0.57
2944, 0.57
2945, 0.19
2946, 0.49
2947, 0.49
2948, 1.00
2949, 1.00
2950, 0.24
2951, 0.55
2952, 0.57
2953, 0.48
2954, 0.97
2955, 0.02
2956, 0.46
2957, 0.55
2958, 0.36
2959, 0.24
2960, 0.44
2961, 0.49
2962, 0.50
2963, 0.57
2964, 0.57
2965, 0.50
2966, 0.47
2967, 0.33
2968, 0.37
2969, 0.53
2970, 0.23
2971, 0.57
2972, 0.22
2973, 0.88
2974, 0.57
2975, 0.22
2976, 0.57
2977, 0.57
2978, 0.35
2979, 0.46
2980, 0.48
2981, 0.42
2982, 0.48
2983, 0.43
2984, 0.49
2985, 0.57
2986, 0.57
2987, 0.43
2988, 0.46
2989, 0.19
2990, 0.57
2991, 0.57
2992, 0.96
2993, 0.33
2994, 0.53
2995, 0.50
2996, 0.43
2997, 0.40
2998, 0.42
2999, 0.56
3000, 0.23
3001, 0.51
3002, 0.57
3003, 0.98
3004, 0.83
3005, 0.57
3006, 0.30
3007, 0.57
3008, 0.37
3009, 0.38
3010, 0.44
3011, 0.47
3012, 0.57
3013, 0.57
3014, 0.57
3015, 0.39
3016, 0.26
3017, 0.47
3018, 0.57
3019, 0.51
3020, 0.55
3021, 0.57
3022, 0.51
3023, 0.51
3024, 0.47
3025, 0.57
3026, 0.33
3027, 0.36
3028, 0.57
3029, 0.31
3030, 0.47
3031, 0.98
3032, 0.57
3033, 0.60
3034, 0.29
3035, 0.37
3036, 0.57
3037, 0.45
3038, 0.36
3039, 0.50
3040, 0.57
3041, 0.13
3042, 0.23
3043, 0.48
3044, 0.57
3045, 0.57
3046, 0.38
3047, 0.21
3048, 0.51
3049, 0.22
3050, 0.23
3051, 0.46
3052, 0.57
3053, 0.43
3054, 0.28
3055, 0.50
3056, 0.40
3057, 0.32
3058, 0.57
3059, 0.47
3060, 0.57
3061, 0.57
3062, 0.41
3063, 0.57
3064, 0.17
3065, 0.17
3066, 0.40
3067, 0.57
3068, 0.49
3069, 0.57
3070, 0.57
3071, 0.20
3072, 0.57
3073, 0.57
3074, 0.52
3075, 0.18
3076, 0.57
3077, 0.14
3078, 0.23
3079, 0.30
3080, 0.57
3081, 0.99
3082, 0.99
3083, 0.15
3084, 0.57
3085, 0.23
3086, 0.51
3087, 0.57
3088, 0.57
3089, 0.81
3090, 0.51
3091, 0.40
3092, 0.21
3093, 0.36
3094, 1.00
3095, 0.57
3096, 0.43
3097, 0.42
3098, 0.57
3099, 0.57
3100, 0.97
3101, 0.85
3102, 0.34
3103, 0.51
3104, 0.13
3105, 0.39
3106, 0.46
3107, 0.38
3108, 0.54
3109, 0.22
3110, 0.97
3111, 0.43
3112, 0.57
3113, 0.57
3114, 0.32
3115, 0.46
3116, 0.42
3117, 0.32
3118, 0.40
3119, 0.36
3120, 0.51
3121, 0.27
3122, 0.27
3123, 0.54
3124, 0.57
3125, 0.56
3126, 0.57
3127, 0.57
3128, 0.38
3129, 0.46
3130, 0.75
3131, 0.57
3132, 0.44
3133, 1.00
3134, 0.57
3135, 0.57
3136, 0.40
3137, 0.52
3138, 0.57
3139, 0.13
3140, 0.36
3141, 0.46
3142, 0.93
3143, 0.47
3144, 0.57
3145, 0.11
3146, 0.57
3147, 0.52
3148, 0.57
3149, 0.44
3150, 0.57
3151, 0.54
3152, 0.57
3153, 0.57
3154, 0.95
3155, 0.23
3156, 0.43
3157, 0.57
3158, 0.47
3159, 0.80
3160, 0.95
3161, 0.26
3162, 0.57
3163, 0.18
3164, 0.99
3165, 0.44
3166, 0.57
3167, 0.10
3168, 0.57
3169, 0.57
3170, 0.57
3171, 0.68
3172, 0.54
3173, 0.92
3174, 0.49
3175, 0.54
3176, 0.57
3177, 0.23
3178, 0.57
3179, 0.19
3180, 0.26
3181, 0.52
3182, 0.46
3183, 0.57
3184, 0.55
3185, 0.46
3186, 0.20
3187, 0.49
3188, 0.57
3189, 0.45
3190, 0.57
3191, 0.99
3192, 0.35
3193, 0.28
3194, 0.97
3195, 0.17
3196, 0.46
3197, 0.57
3198, 0.46
3199, 0.51
3200, 0.54
3201, 0.57
3202, 0.55
3203, 0.56
3204, 0.96
3205, 0.49
3206, 0.56
3207, 0.94
3208, 0.37
3209, 0.57
3210, 0.38
3211, 0.99
3212, 0.98
3213, 0.25
3214, 0.39
3215, 0.99
3216, 0.10
3217, 0.57
3218, 0.57
3219, 0.21
3220, 0.45
3221, 0.39
3222, 0.99
3223, 0.57
3224, 0.26
3225, 0.38
3226, 0.57
3227, 0.57
3228, 0.51
3229, 0.57
3230, 0.47
3231, 0.30
3232, 1.00
3233, 0.37
3234, 0.44
3235, 0.29
3236, 0.52
3237, 0.14
3238, 0.57
3239, 0.57
3240, 0.28
3241, 0.30
3242, 0.29
3243, 0.10
3244, 0.47
3245, 0.57
3246, 0.57
3247, 0.81
3248, 0.55
3249, 0.57
3250, 0.24
3251, 0.57
3252, 1.00
3253, 0.57
3254, 0.96
3255, 0.57
3256, 0.27
3257, 0.56
3258, 0.96
3259, 0.33
3260, 0.19
3261, 0.25
3262, 0.57
3263, 0.55
3264, 0.21
3265, 0.57
3266, 0.48
3267, 0.18
3268, 0.57
3269, 0.52
3270, 0.57
3271, 0.21
3272, 0.44
3273, 0.40
3274, 0.94
3275, 0.88
3276, 0.19
3277, 0.29
3278, 0.57
3279, 0.45
3280, 0.50
3281, 0.27
3282, 0.47
3283, 0.29
3284, 0.57
3285, 0.56
3286, 0.98
3287, 0.57
3288, 0.49
3289, 0.43
3290, 0.26
3291, 0.29
3292, 0.95
3293, 0.56
3294, 0.43
3295, 0.23
3296, 0.57
3297, 0.57
3298, 0.57
3299, 0.57
3300, 0.57
3301, 0.41
3302, 0.57
3303, 0.41
3304, 0.57
3305, 0.24
3306, 0.32
3307, 0.57
3308, 0.57
3309, 0.57
3310, 0.97
3311, 0.27
3312, 0.54
3313, 0.97
3314, 0.57
3315, 0.42
3316, 0.57
3317, 0.57
3318, 0.57
3319, 0.21
3320, 0.27
3321, 0.48
3322, 0.57
3323, 0.57
3324, 0.38
3325, 0.32
3326, 0.30
3327, 0.17
3328, 0.57
3329, 0.27
3330, 0.56
3331, 0.57
3332, 0.50
3333, 0.38
3334, 0.55
3335, 0.93
3336, 0.20
3337, 0.33
3338, 0.22
3339, 0.55
3340, 0.85
3341, 0.51
3342, 0.82
3343, 0.09
3344, 0.34
3345, 0.52
3346, 0.57
3347, 0.53
3348, 0.27
3349, 0.57
3350, 0.28
3351, 0.46
3352, 0.25
3353, 0.33
3354, 0.25
3355, 0.15
3356, 0.57
3357, 0.57
3358, 0.15
3359, 0.19
3360, 0.44
3361, 0.95
3362, 0.57
3363, 0.55
3364, 0.51
3365, 0.42
3366, 0.57
3367, 0.49
3368, 0.15
3369, 0.57
3370, 0.57
3371, 0.23
3372, 0.38
3373, 0.48
3374, 0.48
3375, 0.44
3376, 0.32
3377, 0.97
3378, 0.32
3379, 0.48
3380, 0.28
3381, 0.28
3382, 0.28
3383, 0.37
3384, 0.21
3385, 0.33
3386, 0.94
3387, 0.42
3388, 0.51
3389, 0.56
3390, 0.34
3391, 0.42
3392, 0.57
3393, 0.20
3394, 0.30
3395, 0.40
3396, 0.98
3397, 0.31
3398, 0.57
3399, 0.57
3400, 0.70
3401, 0.40
3402, 0.57
3403, 0.34
3404, 0.57
3405, 0.34
3406, 0.57
3407, 0.36
3408, 0.33
3409, 0.41
3410, 0.57
3411, 0.43
3412, 0.74
3413, 0.57
3414, 0.94
3415, 0.51
3416, 0.25
3417, 0.82
3418, 0.44
3419, 0.22
3420, 0.21
3421, 0.27
3422, 0.57
3423, 0.33
3424, 0.44
3425, 0.99
3426, 0.56
3427, 0.57
3428, 0.38
3429, 0.57
3430, 0.44
3431, 0.87
3432, 0.16
3433, 0.47
3434, 0.38
3435, 0.57
3436, 0.46
3437, 1.00
3438, 0.17
3439, 0.16
3440, 0.44
3441, 0.57
3442, 0.24
3443, 0.31
3444, 0.55
3445, 0.56
3446, 0.57
3447, 0.57
3448, 0.97
3449, 0.99
3450, 0.12
3451, 0.45
3452, 0.36
3453, 0.54
3454, 0.99
3455, 0.21
3456, 0.17
3457, 0.92
3458, 0.57
3459, 0.43
3460, 0.57
3461, 0.19
3462, 0.89
3463, 0.96
3464, 0.41
3465, 0.22
3466, 0.57
3467, 0.57
3468, 0.36
3469, 0.43
3470, 0.22
3471, 0.57
3472, 0.57
3473, 0.49
3474, 0.55
3475, 0.47
3476, 0.46
3477, 0.35
3478, 0.54
3479, 0.57
3480, 0.57
3481, 0.25
3482, 0.46
3483, 0.57
3484, 0.31
3485, 0.81
3486, 0.57
3487, 0.49
3488, 0.53
3489, 0.57
3490, 0.57
3491, 0.43
3492, 0.87
3493, 0.44
3494, 0.44
3495, 0.41
3496, 0.61
3497, 0.57
3498, 0.47
3499, 0.57
3500, 0.26
3501, 0.50
3502, 0.57
3503, 0.46
3504, 0.30
3505, 0.57
3506, 0.28
3507, 0.51
3508, 0.37
3509, 0.52
3510, 0.34
3511, 0.55
3512, 0.41
3513, 0.55
3514, 0.57
3515, 0.24
3516, 0.33
3517, 0.36
3518, 0.15
3519, 0.25
3520, 0.57
3521, 0.57
3522, 0.16
3523, 0.39
3524, 0.57
3525, 0.99
3526, 0.57
3527, 0.49
3528, 0.96
3529, 0.37
3530, 0.57
3531, 0.31
3532, 0.57
3533, 0.57
3534, 0.41
3535, 0.57
3536, 0.38
3537, 0.56
3538, 0.44
3539, 0.57
3540, 0.57
3541, 0.65
3542, 0.32
3543, 0.57
3544, 0.24
3545, 0.57
3546, 0.57
3547, 0.33
3548, 0.53
3549, 0.21
3550, 0.32
3551, 0.33
3552, 0.51
3553, 0.57
3554, 0.99
3555, 0.33
3556, 0.57
3557, 0.16
3558, 0.54
3559, 0.45
3560, 0.47
3561, 0.98
3562, 0.30
3563, 0.12
3564, 0.39
3565, 0.56
3566, 0.57
3567, 0.33
3568, 0.09
3569, 0.96
3570, 0.57
3571, 0.57
3572, 0.24
3573, 0.57
3574, 0.98
3575, 0.37
3576, 0.47
3577, 0.17
3578, 0.50
3579, 0.57
3580, 0.57
3581, 0.57
3582, 0.28
3583, 0.57
3584, 0.57
3585, 0.33
3586, 0.99
3587, 0.21
3588, 0.53
3589, 0.57
3590, 0.26
3591, 0.45
3592, 0.57
3593, 0.28
3594, 0.33
3595, 0.71
3596, 0.25
3597, 0.57
3598, 0.44
3599, 0.47
3600, 0.20
3601, 0.27
3602, 0.20
3603, 0.99
3604, 0.55
3605, 0.46
3606, 0.57
3607, 0.17
3608, 0.44
3609, 0.40
3610, 0.30
3611, 0.57
3612, 0.42
3613, 0.51
3614, 0.57
3615, 0.34
3616, 0.63
3617, 0.54
3618, 0.57
3619, 0.19
3620, 0.57
3621, 0.26
3622, 0.57
3623, 0.90
3624, 0.57
3625, 0.90
3626, 0.57
3627, 0.28
3628, 0.43
3629, 0.49
3630, 0.57
3631, 1.00
3632, 0.51
3633, 0.12
3634, 0.38
3635, 0.55
3636, 0.57
3637, 0.24
3638, 0.40
3639, 0.49
3640, 0.37
3641, 0.49
3642, 0.57
3643, 0.97
3644, 0.81
3645, 0.38
3646, 0.88
3647, 0.34
3648, 0.57
3649, 0.54
3650, 0.31
3651, 0.51
3652, 0.49
3653, 0.98
3654, 0.57
3655, 0.93
3656, 0.57
3657, 0.20
3658, 0.42
3659, 0.57
3660, 0.97
3661, 0.38
3662, 0.48
3663, 0.57
3664, 0.44
3665, 0.53
3666, 0.53
3667, 0.49
3668, 0.39
3669, 0.57
3670, 0.18
3671, 0.56
3672, 0.50
3673, 0.57
3674, 0.57
3675, 0.51
3676, 0.19
3677, 0.48
3678, 0.57
3679, 0.36
3680, 0.57
3681, 0.57
3682, 0.15
3683, 0.39
3684, 0.51
3685, 0.45
3686, 0.45
3687, 0.57
3688, 0.57
3689, 0.57
3690, 0.22
3691, 0.35
3692, 0.27
3693, 0.30
3694, 0.93
3695, 0.44
3696, 0.57
3697, 0.57
3698, 0.45
3699, 0.35
3700, 0.96
3701, 0.47
3702, 0.57
3703, 0.41
3704, 0.55
3705, 0.95
3706, 0.49
3707, 0.57
3708, 0.50
3709, 0.12
3710, 0.24
3711, 0.57
3712, 0.57
3713, 0.57
3714, 0.23
3715, 0.54
3716, 0.57
3717, 0.87
3718, 0.21
3719, 0.43
3720, 0.24
3721, 0.93
3722, 0.52
3723, 0.53
3724, 0.36
3725, 0.34
3726, 0.25
3727, 0.90
3728, 0.46
3729, 0.39
3730, 0.48
3731, 0.51
3732, 0.57
3733, 0.57
3734, 0.35
3735, 0.47
3736, 0.46
3737, 0.52
3738, 0.50
3739, 0.57
3740, 0.57
3741, 0.20
3742, 0.31
3743, 0.46
3744, 0.57
3745, 0.93
3746, 0.41
3747, 0.99
3748, 0.52
3749, 0.49
3750, 0.57
3751, 0.37
3752, 0.57
3753, 0.57
3754, 0.98
3755, 0.57
3756, 0.33
3757, 0.50
3758, 0.90
3759, 0.34
3760, 0.23
3761, 0.09
3762, 0.78
3763, 0.94
3764, 0.20
3765, 0.57
3766, 0.40
3767, 0.38
3768, 0.57
3769, 0.99
3770, 0.47
3771, 0.36
3772, 0.23
3773, 0.51
3774, 0.55
3775, 0.53
3776, 0.47
3777, 0.41
3778, 0.34
3779, 0.56
3780, 0.50
3781, 0.49
3782, 0.57
3783, 0.57
3784, 0.43
3785, 0.57
3786, 0.52
3787, 0.57
3788, 0.38
3789, 0.25
3790, 0.44
3791, 0.19
3792, 0.39
3793, 0.57
3794, 0.39
3795, 0.57
3796, 0.57
3797, 0.57
3798, 0.91
3799, 0.49
3800, 0.90
3801, 0.24
3802, 0.48
3803, 0.92
3804, 0.57
3805, 0.51
3806, 0.10
3807, 0.57
3808, 0.57
3809, 0.57
3810, 0.27
3811, 0.57
3812, 0.30
3813, 0.29
3814, 0.50
3815, 0.95
3816, 0.30
3817, 0.31
3818, 0.50
3819, 0.37
3820, 0.45
3821, 0.54
3822, 0.38
3823, 0.57
3824, 0.45
3825, 0.15
3826, 0.57
3827, 0.49
3828, 0.57
3829, 0.41
3830, 0.34
3831, 0.44
3832, 0.15
3833, 0.52
3834, 0.57
3835, 0.09
3836, 0.99
3837, 0.57
3838, 0.13
3839, 0.34
3840, 0.19
3841, 0.50
3842, 0.57
3843, 0.92
3844, 0.24
3845, 0.12
3846, 0.50
3847, 0.57
3848, 0.46
3849, 0.49
3850, 0.57
3851, 0.44
3852, 0.57
3853, 0.54
3854, 0.31
3855, 0.99
3856, 0.57
3857, 0.90
3858, 0.53
3859, 0.57
3860, 0.44
3861, 0.98
3862, 0.19
3863, 0.40
3864, 0.21
3865, 0.56
3866, 0.35
3867, 0.57
3868, 0.24
3869, 0.47
3870, 0.57
3871, 0.35
3872, 0.28
3873, 0.98
3874, 0.57
3875, 0.95
3876, 0.56
3877, 0.57
3878, 0.47
3879, 0.33
3880, 0.57
3881, 0.57
3882, 0.38
3883, 0.41
3884, 0.49
3885, 0.57
3886, 0.25
3887, 0.23
3888, 0.57
3889, 0.55
3890, 0.46
3891, 0.57
3892, 0.28
3893, 0.50
3894, 0.40
3895, 0.42
3896, 0.39
3897, 0.21
3898, 0.57
3899, 0.50
3900, 0.33
3901, 0.57
3902, 0.32
3903, 0.28
3904, 0.40
3905, 0.54
3906, 0.55
3907, 0.57
3908, 1.00
3909, 0.57
3910, 0.57
3911, 0.33
3912, 0.33
3913, 0.44
3914, 0.47
3915, 0.45
3916, 0.21
3917, 0.21
3918, 0.53
3919, 0.57
3920, 0.57
3921, 0.45
3922, 0.57
3923, 0.49
3924, 0.87
3925, 0.57
3926, 0.51
3927, 0.50
3928, 0.97
3929, 0.96
3930, 0.32
3931, 0.57
3932, 0.57
3933, 0.57
3934, 0.57
3935, 0.55
3936, 0.57
3937, 0.35
3938, 0.28
3939, 0.57
3940, 0.17
3941, 0.57
3942, 0.27
3943, 0.50
3944, 0.99
3945, 0.53
3946, 0.54
3947, 0.47
3948, 0.18
3949, 0.92
3950, 0.44
3951, 0.55
3952, 0.99
3953, 0.57
3954, 0.57
3955, 0.16
3956, 0.42
3957, 0.57
3958, 0.45
3959, 0.95
3960, 0.43
3961, 0.57
3962, 0.27
3963, 0.48
3964, 0.52
3965, 1.00
3966, 0.57
3967, 0.37
3968, 0.57
3969, 0.49
3970, 0.36
3971, 0.54
3972, 0.52
3973, 0.54
3974, 0.25
3975, 0.56
3976, 0.57
3977, 0.57
3978, 1.00
3979, 0.45
3980, 0.31
3981, 0.51
3982, 0.30
3983, 0.93
3984, 0.57
3985, 0.48
3986, 0.48
3987, 0.27
3988, 0.97
3989, 0.30
3990, 0.57
3991, 0.27
3992, 0.57
3993, 0.57
3994, 0.49
3995, 0.26
3996, 0.23
3997, 0.37
3998, 0.53
3999, 0.42
4000, 0.43
4001, 0.37
4002, 0.52
4003, 0.97
4004, 0.57
4005, 0.57
4006, 0.25
4007, 0.57
4008, 0.35
4009, 0.47
4010, 0.28
4011, 0.15
4012, 0.39
4013, 0.52
4014, 0.33
4015, 0.57
4016, 0.44
4017, 0.19
4018, 0.46
4019, 0.57
4020, 0.34
4021, 0.28
4022, 0.39
4023, 0.57
4024, 0.17
4025, 0.57
4026, 0.57
4027, 0.57
4028, 0.30
4029, 1.00
4030, 0.45
4031, 0.24
4032, 0.43
4033, 0.57
4034, 0.57
4035, 0.49
4036, 0.51
4037, 0.57
4038, 0.57
4039, 0.99
4040, 0.57
4041, 0.54
4042, 0.45
4043, 0.57
4044, 0.57
4045, 0.18
4046, 0.39
4047, 0.27
4048, 0.57
4049, 0.28
4050, 0.56
4051, 0.37
4052, 0.22
4053, 0.18
4054, 0.45
4055, 0.43
4056, 0.50
4057, 0.57
4058, 0.96
4059, 0.46
4060, 0.57
4061, 0.11
4062, 0.50
4063, 0.23
4064, 0.25
4065, 0.51
4066, 0.93
4067, 0.34
4068, 0.99
4069, 0.55
4070, 0.21
4071, 0.87
4072, 0.57
4073, 0.97
4074, 0.43
4075, 0.48
4076, 0.49
4077, 0.38
4078, 0.96
4079, 0.57
4080, 0.57
4081, 0.57
4082, 0.40
4083, 0.57
4084, 0.57
4085, 0.57
4086, 0.57
4087, 0.98
4088, 0.46
4089, 0.57
4090, 0.97
4091, 0.96
4092, 0.99
4093, 0.54
4094, 0.57
4095, 0.47
4096, 0.57
4097, 0.42
4098, 0.51
4099, 0.25
4100, 0.36
4101, 0.30
4102, 0.57
4103, 0.20
4104, 0.17
4105, 0.49
4106, 0.57
4107, 0.53
4108, 0.98
4109, 0.16
4110, 0.99
4111, 0.93
4112, 0.84
4113, 0.15
4114, 0.47
4115, 0.57
4116, 0.45
4117, 0.44
4118, 0.53
4119, 0.57
4120, 0.57
4121, 0.35
4122, 0.25
4123, 0.18
4124, 0.57
4125, 0.34
4126, 0.19
4127, 0.53
4128, 0.57
4129, 0.55
4130, 0.57
4131, 0.48
4132, 0.52
4133, 0.99
4134, 0.57
4135, 0.39
4136, 0.33
4137, 0.57
4138, 0.57
4139, 0.36
4140, 0.34
4141, 0.96
4142, 0.29
4143, 0.57
4144, 0.27
4145, 0.57
4146, 0.99
4147, 0.41
4148, 0.23
4149, 0.22
4150, 0.53
4151, 0.57
4152, 0.48
4153, 0.44
4154, 0.57
4155, 1.00
4156, 0.23
4157, 0.57
4158, 0.57
4159, 0.57
4160, 0.42
4161, 0.19
4162, 0.42
4163, 0.28
4164, 0.32
4165, 0.96
4166, 0.57
4167, 0.30
4168, 0.33
4169, 0.50
4170, 0.57
4171, 0.57
4172, 0.44
4173, 0.25
4174, 0.19
4175, 0.29
4176, 0.99
4177, 0.91
4178, 0.57
4179, 0.91
4180, 0.57
4181, 0.55
4182, 0.57
4183, 0.48
4184, 0.48
4185, 0.57
4186, 0.57
4187, 0.49
4188, 0.89
4189, 0.57
4190, 0.27
4191, 0.57
4192, 0.57
4193, 0.96
4194, 0.49
4195, 0.33
4196, 0.57
4197, 0.57
4198, 0.57
4199, 0.57
4200, 0.57
4201, 0.45
4202, 0.55
4203, 0.44
4204, 0.57
4205, 0.20
4206, 0.55
4207, 0.29
4208, 0.57
4209, 0.28
4210, 0.49
4211, 0.48
4212, 0.27
4213, 1.00
4214, 0.32
4215, 0.44
4216, 0.92
4217, 0.27
4218, 0.57
4219, 0.88
4220, 0.51
4221, 0.44
4222, 0.57
4223, 0.19
4224, 0.49
4225, 0.47
4226, 0.15
4227, 0.24
4228, 0.37
4229, 0.56
4230, 0.55
4231, 0.57
4232, 0.95
4233, 0.39
4234, 0.50
4235, 0.34
4236, 0.40
4237, 0.35
4238, 0.57
4239, 0.99
4240, 0.48
4241, 0.57
4242, 0.97
4243, 0.49
4244, 0.57
4245, 0.40
4246, 0.31
4247, 0.89
4248, 0.57
4249, 0.57
4250, 0.30
4251, 0.54
4252, 0.92
4253, 0.31
4254, 0.57
4255, 0.53
4256, 0.57
4257, 0.57
4258, 0.44
4259, 0.47
4260, 1.00
4261, 1.00
4262, 0.57
4263, 0.24
4264, 0.44
4265, 0.36
4266, 0.99
4267, 0.45
4268, 0.96
4269, 0.57
4270, 0.57
4271, 0.22
4272, 0.10
4273, 0.42
4274, 0.57
4275, 0.37
4276, 0.57
4277, 0.23
4278, 0.43
4279, 0.44
4280, 0.57
4281, 0.57
4282, 0.84
4283, 0.51
4284, 0.41
4285, 0.88
4286, 0.57
4287, 0.37
4288, 0.57
4289, 0.36
4290, 0.28
4291, 0.45
4292, 0.57
4293, 0.37
4294, 0.57
4295, 0.57
4296, 0.57
4297, 0.53
4298, 0.23
4299, 0.49
4300, 0.47
4301, 0.57
4302, 0.42
4303, 0.57
4304, 0.36
4305, 1.00
4306, 0.57
4307, 0.57
4308, 0.26
4309, 0.20
4310, 0.48
4311, 0.32
4312, 0.38
4313, 0.39
4314, 0.57
4315, 0.57
4316, 0.44
4317, 0.23
4318, 0.50
4319, 0.20
4320, 0.57
4321, 0.95
4322, 0.51
4323, 0.98
4324, 0.46
4325, 0.42
4326, 0.47
4327, 0.37
4328, 0.28
4329, 0.57
4330, 0.34
4331, 0.53
4332, 0.95
4333, 0.99
4334, 0.41
4335, 0.53
4336, 0.57
4337, 0.06
4338, 0.45
4339, 0.98
4340, 0.94
4341, 0.57
4342, 0.57
4343, 0.20
4344, 0.55
4345, 0.57
4346, 0.48
4347, 0.30
4348, 0.26
4349, 0.44
4350, 0.35
4351, 0.57
4352, 0.12
4353, 1.00
4354, 0.52
4355, 0.54
4356, 0.23
4357, 0.57
4358, 0.44
4359, 0.36
4360, 0.34
4361, 0.57
4362, 0.57
4363, 0.98
4364, 0.29
4365, 0.94
4366, 0.47
4367, 0.98
4368, 0.98
4369, 0.56
4370, 0.48
4371, 0.21
4372, 0.57
4373, 0.26
4374, 0.54
4375, 0.14
4376, 0.47
4377, 0.57
4378, 0.36
4379, 0.44
4380, 0.49
4381, 0.54
4382, 0.40
4383, 0.69
4384, 0.46
4385, 0.38
4386, 0.57
4387, 0.57
4388, 0.99
4389, 0.57
4390, 0.13
4391, 0.23
4392, 0.44
4393, 0.10
4394, 0.93
4395, 0.45
4396, 0.57
4397, 0.42
4398, 0.39
4399, 0.32
4400, 0.96
4401, 0.33
4402, 0.57
4403, 0.28
4404, 0.57
4405, 0.28
4406, 0.35
4407, 0.08
4408, 0.95
4409, 0.23
4410, 0.57
4411, 0.57
4412, 0.49
4413, 0.57
4414, 0.31
4415, 0.15
4416, 0.57
4417, 0.57
4418, 0.21
4419, 0.39
4420, 0.52
4421, 0.17
4422, 0.50
4423, 0.56
4424, 0.99
4425, 0.57
4426, 0.27
4427, 0.51
4428, 0.18
4429, 0.57
4430, 0.55
4431, 0.46
4432, 0.38
4433, 0.57
4434, 0.48
4435, 0.48
4436, 0.52
4437, 0.57
4438, 0.57
4439, 0.99
4440, 0.98
4441, 0.21
4442, 0.57
4443, 0.57
4444, 0.11
4445, 0.43
4446, 0.45
4447, 0.89
4448, 0.57
4449, 0.46
4450, 0.57
4451, 0.57
4452, 0.43
4453, 0.57
4454, 0.57
4455, 0.21
4456, 0.57
4457, 0.56
4458, 0.99
4459, 0.57
4460, 0.37
4461, 0.57
4462, 0.24
4463, 0.22
4464, 0.36
4465, 0.31
4466, 0.45
4467, 0.36
4468, 0.39
4469, 0.90
4470, 0.33
4471, 0.23
4472, 0.34
4473, 0.49
4474, 0.10
4475, 0.57
4476, 0.98
4477, 0.30
4478, 0.92
4479, 0.57
4480, 0.57
4481, 0.57
4482, 0.53
4483, 0.23
4484, 0.54
4485, 0.27
4486, 0.57
4487, 0.57
4488, 0.21
4489, 0.57
4490, 0.32
4491, 0.54
4492, 0.57
4493, 0.51
4494, 0.13
4495, 0.91
4496, 0.40
4497, 0.57
4498, 0.97
4499, 0.30
4500, 0.24
4501, 0.77
4502, 0.92
4503, 0.51
4504, 0.53
4505, 0.53
4506, 0.51
4507, 0.50
4508, 0.57
4509, 0.57
4510, 0.57
4511, 0.45
4512, 0.56
4513, 0.56
4514, 0.44
4515, 0.38
4516, 0.57
4517, 0.57
4518, 0.57
4519, 0.54
4520, 0.13
4521, 0.40
4522, 0.53
4523, 0.97
4524, 0.52
4525, 0.19
4526, 0.08
4527, 0.96
4528, 0.57
4529, 0.37
4530, 0.45
4531, 0.57
4532, 0.57
4533, 0.42
4534, 0.83
4535, 0.57
4536, 0.53
4537, 0.94
4538, 0.57
4539, 0.22
4540, 0.57
4541, 0.57
4542, 0.11
4543, 0.26
4544, 0.29
4545, 0.98
4546, 0.57
4547, 0.48
4548, 0.57
4549, 0.40
4550, 0.57
4551, 0.19
4552, 0.47
4553, 0.59
4554, 0.48
4555, 0.57
4556, 0.57
4557, 0.46
4558, 0.39
4559, 0.57
4560, 0.35
4561, 0.57
4562, 0.52
4563, 0.98
4564, 0.99
4565, 0.55
4566, 0.50
4567, 0.57
4568, 0.50
4569, 0.94
4570, 0.33
4571, 0.57
4572, 0.42
4573, 0.57
4574, 0.15
4575, 0.91
4576, 0.86
4577, 0.29
4578, 0.51
4579, 0.51
4580, 0.32
4581, 0.87
4582, 0.77
4583, 0.57
4584, 0.57
4585, 0.98
4586, 0.40
4587, 0.96
4588, 0.76
4589, 0.53
4590, 0.14
4591, 0.57
4592, 0.50
4593, 0.57
4594, 0.37
4595, 0.99
4596, 0.57
4597, 0.47
4598, 0.57
4599, 0.52
4600, 0.43
4601, 0.29
4602, 0.51
4603, 0.57
4604, 0.30
4605, 0.52
4606, 0.50
4607, 0.22
4608, 0.57
4609, 0.38
4610, 0.15
4611, 0.57
4612, 0.53
4613, 0.37
4614, 0.57
4615, 0.16
4616, 0.43
4617, 0.66
4618, 0.94
4619, 0.41
4620, 0.45
4621, 0.57
4622, 0.78
4623, 0.94
4624, 0.39
4625, 0.30
4626, 0.98
4627, 0.12
4628, 0.21
4629, 0.67
4630, 0.49
4631, 0.28
4632, 0.56
4633, 0.39
4634, 0.57
4635, 0.27
4636, 0.95
4637, 0.46
4638, 0.57
4639, 1.00
4640, 0.99
4641, 0.18
4642, 0.21
4643, 0.57
4644, 0.40
4645, 0.57
4646, 0.35
4647, 0.57
4648, 0.57
4649, 0.57
4650, 0.42
4651, 0.53
4652, 0.57
4653, 0.37
4654, 0.57
4655, 0.27
4656, 1.00
4657, 0.33
4658, 0.57
4659, 0.16
4660, 0.57
4661, 0.57
4662, 0.57
4663, 0.25
4664, 0.79
4665, 0.35
4666, 0.49
4667, 0.90
4668, 0.28
4669, 0.57
4670, 0.51
4671, 0.41
4672, 0.93
4673, 0.21
4674, 1.00
4675, 0.57
4676, 0.22
4677, 0.44
4678, 0.17
4679, 0.12
4680, 0.53
4681, 0.28
4682, 1.00
4683, 0.86
4684, 1.00
4685, 0.13
4686, 0.31
4687, 0.28
4688, 0.57
4689, 0.57
4690, 1.00
4691, 0.57
4692, 0.57
4693, 0.57
4694, 0.34
4695, 0.37
4696, 0.27
4697, 0.24
4698, 0.30
4699, 0.46
4700, 0.57
4701, 0.63
4702, 0.57
4703, 0.57
4704, 0.23
4705, 0.57
4706, 0.34
4707, 0.57
4708, 0.70
4709, 0.70
4710, 0.43
4711, 0.31
4712, 0.27
4713, 0.53
4714, 0.57
4715, 0.47
4716, 0.54
4717, 0.36
4718, 1.00
4719, 1.00
4720, 0.55
4721, 0.48
4722, 0.56
4723, 0.50
4724, 0.57
4725, 0.23
4726, 0.32
4727, 0.53
4728, 0.57
4729, 0.35
4730, 0.42
4731, 0.57
4732, 0.53
4733, 0.57
4734, 0.57
4735, 0.49
4736, 0.46
4737, 0.44
4738, 0.57
4739, 0.55
4740, 0.57
4741, 0.47
4742, 0.46
4743, 0.28
4744, 0.57
4745, 0.43
4746, 0.57
4747, 0.57
4748, 0.46
4749, 0.93
4750, 0.49
4751, 0.57
4752, 0.57
4753, 0.51
4754, 0.57
4755, 0.87
4756, 0.57
4757, 0.57
4758, 0.57
4759, 0.57
4760, 0.57
4761, 0.29
4762, 0.98
4763, 0.45
4764, 0.29
4765, 0.17
4766, 0.20
4767, 0.48
4768, 0.57
4769, 0.57
4770, 0.47
4771, 0.99
4772, 0.51
4773, 0.57
4774, 0.57
4775, 0.41
4776, 0.57
4777, 0.46
4778, 0.52
4779, 0.43
4780, 0.33
4781, 0.99
4782, 0.51
4783, 0.85
4784, 0.22
4785, 1.00
4786, 0.40
4787, 0.94
4788, 0.57
4789, 0.57
4790, 0.57
4791, 0.57
4792, 0.43
4793, 0.26
4794, 0.15
4795, 0.99
4796, 0.99
4797, 0.32
4798, 0.28
4799, 0.57
4800, 0.36
4801, 0.30
4802, 0.52
4803, 0.29
4804, 0.46
4805, 0.39
4806, 0.44
4807, 0.41
4808, 0.56
4809, 0.30
4810, 0.38
4811, 0.55
4812, 0.32
4813, 0.44
4814, 0.12
4815, 0.47
4816, 0.55
4817, 0.52
4818, 0.49
4819, 0.40
4820, 1.00
4821, 0.46
4822, 0.35
4823, 0.19
4824, 0.45
4825, 0.35
4826, 0.53
4827, 0.48
4828, 0.45
4829, 0.93
4830, 0.57
4831, 0.57
4832, 0.39
4833, 1.00
4834, 0.29
4835, 0.41
4836, 0.95
4837, 0.21
4838, 0.31
4839, 0.20
4840, 0.33
4841, 0.43
4842, 0.38
4843, 0.57
4844, 0.56
4845, 0.40
4846, 0.98
4847, 0.24
4848, 0.97
4849, 0.57
4850, 0.57
4851, 0.12
4852, 0.38
4853, 0.57
4854, 0.29
4855, 0.31
4856, 0.11
4857, 0.57
4858, 0.57
4859, 0.44
4860, 0.57
4861, 0.15
4862, 0.57
4863, 0.42
4864, 0.63
4865, 0.29
4866, 0.92
4867, 0.39
4868, 0.13
4869, 0.38
4870, 0.56
4871, 0.98
4872, 0.54
4873, 0.57
4874, 0.42
4875, 0.57
4876, 0.57
4877, 0.98
4878, 0.47
4879, 0.21
4880, 0.45
4881, 0.28
4882, 0.88
4883, 0.97
4884, 0.48
4885, 0.35
4886, 0.48
4887, 0.51
4888, 0.53
4889, 0.46
4890, 0.37
4891, 0.50
4892, 0.30
4893, 0.26
4894, 0.13
4895, 0.52
4896, 0.57
4897, 0.57
4898, 0.40
4899, 0.46
4900, 0.57
4901, 0.40
4902, 0.57
4903, 0.49
4904, 0.56
4905, 0.50
4906, 0.95
4907, 0.57
4908, 0.24
4909, 0.57
4910, 0.57
4911, 0.57
4912, 0.99
4913, 0.45
4914, 0.57
4915, 0.97
4916, 0.99
4917, 0.41
4918, 0.56
4919, 0.34
4920, 0.38
4921, 0.39
4922, 0.38
4923, 1.00
4924, 0.44
4925, 0.57
4926, 0.12
4927, 0.63
4928, 0.55
4929, 0.91
4930, 0.87
4931, 0.57
4932, 0.57
4933, 0.42
4934, 0.22
4935, 0.45
4936, 0.47
4937, 0.42
4938, 0.43
4939, 0.82
4940, 0.57
4941, 0.57
4942, 0.47
4943, 0.27
4944, 0.99
4945, 0.57
4946, 0.35
4947, 0.57
4948, 0.33
4949, 0.57
4950, 0.57
4951, 0.57
4952, 0.57
4953, 0.37
4954, 0.27
4955, 0.47
4956, 0.57
4957, 0.41
4958, 0.44
4959, 0.49
4960, 0.57
4961, 0.99
4962, 0.34
4963, 0.35
4964, 0.45
4965, 0.51
4966, 0.57
4967, 0.56
4968, 0.57
4969, 0.88
4970, 0.37
4971, 0.48
4972, 0.46
4973, 0.36
4974, 0.57
4975, 0.57
4976, 0.37
4977, 0.40
4978, 0.33
4979, 0.21
4980, 0.57
4981, 0.57
4982, 0.30
4983, 0.57
4984, 0.57
4985, 0.57
4986, 0.43
4987, 0.49
4988, 0.75
4989, 0.45
4990, 0.20
4991, 0.63
4992, 0.25
4993, 0.47
4994, 0.31
4995, 0.57
4996, 0.23
4997, 0.25
4998, 0.42
4999, 0.49
5000, 0.98
5001, 0.27
5002, 0.36
5003, 0.57
5004, 0.26
5005, 0.35
5006, 0.57
5007, 0.54
5008, 0.57
5009, 0.42
5010, 0.57
5011, 0.19
5012, 0.43
5013, 0.27
5014, 0.94
5015, 0.10
5016, 0.47
5017, 0.51
5018, 0.31
5019, 0.57
5020, 0.18
5021, 0.19
5022, 0.18
5023, 0.89
5024, 0.55
5025, 0.57
5026, 0.57
5027, 0.57
5028, 0.50
5029, 0.10
5030, 0.24
5031, 0.54
5032, 0.57
5033, 0.57
5034, 0.14
5035, 0.40
5036, 0.56
5037, 0.47
5038, 0.57
5039, 0.57
5040, 0.57
5041, 0.55
5042, 0.87
5043, 0.24
5044, 0.57
5045, 0.32
5046, 0.14
5047, 0.57
5048, 0.56
5049, 0.57
5050, 0.57
5051, 0.45
5052, 0.54
5053, 0.97
5054, 0.51
5055, 0.57
5056, 0.57
5057, 0.10
5058, 0.57
5059, 0.92
5060, 0.97
5061, 0.29
5062, 0.57
5063, 0.57
5064, 0.35
5065, 0.18
5066, 0.26
5067, 0.57
5068, 0.57
5069, 0.52
5070, 0.54
5071, 0.57
5072, 0.52
5073, 0.89
5074, 0.42
5075, 0.57
5076, 0.45
5077, 0.57
5078, 0.93
5079, 0.96
5080, 0.55
5081, 0.33
5082, 0.35
5083, 0.44
5084, 0.57
5085, 0.96
5086, 0.57
5087, 0.23
5088, 0.57
5089, 0.68
5090, 0.38
5091, 0.47
5092, 0.57
5093, 0.57
5094, 0.25
5095, 0.49
5096, 0.27
5097, 0.33
5098, 0.45
5099, 0.57
5100, 0.57
5101, 0.43
5102, 0.34
5103, 0.57
5104, 0.57
5105, 0.49
5106, 0.39
5107, 0.57
5108, 0.37
5109, 0.96
5110, 0.22
5111, 0.35
5112, 0.56
5113, 0.33
5114, 0.39
5115, 0.44
5116, 0.37
5117, 0.94
5118, 0.47
5119, 0.36
5120, 0.49
5121, 0.57
5122, 0.44
5123, 0.17
5124, 0.57
5125, 0.85
5126, 0.47
5127, 0.20
5128, 0.56
5129, 0.57
5130, 0.43
5131, 0.08
5132, 0.54
5133, 0.57
5134, 0.40
5135, 0.57
5136, 0.36
5137, 0.50
5138, 0.57
5139, 0.48
5140, 0.98
5141, 0.42
5142, 0.99
5143, 0.35
5144, 0.18
5145, 0.57
5146, 0.52
5147, 0.35
5148, 0.57
5149, 0.40
5150, 0.52
5151, 0.50
5152, 0.16
5153, 0.57
5154, 0.26
5155, 0.50
5156, 0.23
5157, 0.57
5158, 0.57
5159, 0.57
5160, 0.12
5161, 0.53
5162, 0.57
5163, 0.19
5164, 0.57
5165, 0.40
5166, 0.38
5167, 0.47
5168, 0.49
5169, 0.57
5170, 0.57
5171, 0.23
5172, 0.31
5173, 0.41
5174, 0.57
5175, 0.32
5176, 0.99
5177, 0.57
5178, 0.57
5179, 0.54
5180, 0.55
5181, 0.91
5182, 0.23
5183, 0.40
5184, 0.99
5185, 1.00
5186, 0.52
5187, 0.57
5188, 0.15
5189, 0.35
5190, 0.57
5191, 0.20
5192, 0.47
5193, 0.52
5194, 0.57
5195, 0.99
5196, 0.25
5197, 0.24
5198, 0.54
5199, 0.57
5200, 1.00
5201, 0.39
5202, 0.18
5203, 0.57
5204, 0.19
5205, 0.42
5206, 0.44
5207, 0.97
5208, 0.52
5209, 0.57
5210, 0.53
5211, 0.52
5212, 0.40
5213, 0.78
5214, 0.29
5215, 0.44
5216, 0.15
5217, 0.38
5218, 0.18
5219, 0.57
5220, 0.57
5221, 0.34
5222, 0.47
5223, 0.40
5224, 0.57
5225, 0.41
5226, 0.57
5227, 0.17
5228, 0.30
5229, 0.20
5230, 0.26
5231, 0.57
5232, 0.54
5233, 0.57
5234, 0.20
5235, 0.57
5236, 0.37
5237, 0.49
5238, 0.24
5239, 0.57
5240, 0.22
5241, 0.27
5242, 0.16
5243, 0.45
5244, 0.99
5245, 0.44
5246, 0.99
5247, 0.91
5248, 0.44
5249, 0.57
5250, 0.57
5251, 0.28
5252, 0.34
5253, 0.16
5254, 0.30
5255, 0.25
5256, 0.57
5257, 0.15
5258, 0.44
5259, 0.57
5260, 0.45
5261, 0.98
5262, 0.55
5263, 0.57
5264, 0.47
5265, 0.31
5266, 0.08
5267, 0.98
5268, 0.16
5269, 0.57
5270, 0.50
5271, 0.43
5272, 0.98
5273, 0.42
5274, 0.57
5275, 0.31
5276, 0.30
5277, 0.45
5278, 0.34
5279, 0.57
5280, 0.40
5281, 0.99
5282, 0.43
5283, 0.98
5284, 0.89
5285, 0.52
5286, 0.18
5287, 0.57
5288, 0.84
5289, 0.55
5290, 0.57
5291, 0.98
5292, 0.24
5293, 0.29
5294, 0.07
5295, 0.13
5296, 0.10
5297, 0.56
5298, 0.40
5299, 0.94
5300, 0.53
5301, 0.42
5302, 0.24
5303, 0.24
5304, 0.56
5305, 0.54
5306, 0.26
5307, 0.33
5308, 0.87
5309, 0.57
5310, 0.44
5311, 0.57
5312, 0.45
5313, 0.49
5314, 0.98
5315, 0.80
5316, 0.55
5317, 0.27
5318, 0.36
5319, 0.83
5320, 1.00
5321, 0.44
5322, 0.57
5323, 0.38
5324, 0.35
5325, 0.45
5326, 0.44
5327, 0.48
5328, 0.51
5329, 0.27
5330, 0.57
5331, 0.50
5332, 0.04
5333, 0.57
5334, 0.57
5335, 0.24
5336, 0.57
5337, 0.57
5338, 0.37
5339, 0.18
5340, 0.11
5341, 0.56
5342, 0.57
5343, 0.25
5344, 0.35
5345, 0.57
5346, 0.47
5347, 0.57
5348, 0.55
5349, 0.53
5350, 0.37
5351, 0.57
5352, 0.57
5353, 0.53
5354, 0.35
5355, 0.99
5356, 1.00
5357, 0.52
5358, 0.57
5359, 0.41
5360, 0.24
5361, 0.15
5362, 0.57
5363, 0.39
5364, 0.31
5365, 0.48
5366, 0.57
5367, 1.00
5368, 0.47
5369, 0.57
5370, 0.99
5371, 0.56
5372, 0.17
5373, 0.35
5374, 0.26
5375, 0.76
5376, 0.22
5377, 0.57
5378, 0.78
5379, 0.46
5380, 0.57
5381, 0.82
5382, 0.50
5383, 0.52
5384, 0.51
5385, 0.42
5386, 0.57
5387, 0.39
5388, 0.06
5389, 0.32
5390, 0.46
5391, 0.57
5392, 0.37
5393, 0.31
5394, 0.36
5395, 0.45
5396, 1.00
5397, 0.44
5398, 0.32
5399, 0.39
5400, 0.48
5401, 0.40
5402, 0.54
5403, 0.37
5404, 0.42
5405, 0.26
5406, 0.53
5407, 0.74
5408, 0.55
5409, 0.57
5410, 0.14
5411, 0.25
5412, 0.88
5413, 0.49
5414, 0.97
5415, 0.57
5416, 0.49
5417, 0.30
5418, 0.11
5419, 0.80
5420, 0.57
5421, 0.49
5422, 0.57
5423, 0.80
5424, 0.57
5425, 0.57
5426, 0.53
5427, 0.40
5428, 0.56
5429, 0.57
5430, 0.57
5431, 0.28
5432, 0.26
5433, 0.45
5434, 0.97
5435, 0.57
5436, 0.57
5437, 0.57
5438, 0.57
5439, 0.41
5440, 0.27
5441, 0.87
5442, 0.57
5443, 0.57
5444, 0.49
5445, 0.51
5446, 0.81
5447, 0.57
5448, 0.55
5449, 0.45
5450, 0.38
5451, 0.34
5452, 0.22
5453, 0.80
5454, 0.57
5455, 0.98
5456, 0.57
5457, 0.77
5458, 0.57
5459, 0.91
5460, 0.36
5461, 0.28
5462, 0.48
5463, 0.57
5464, 0.57
5465, 0.40
5466, 0.56
5467, 0.51
5468, 0.26
5469, 0.34
5470, 0.29
5471, 0.32
5472, 0.87
5473, 0.51
5474, 0.25
5475, 0.29
5476, 0.36
5477, 0.57
5478, 0.41
5479, 0.92
5480, 0.37
5481, 0.57
5482, 0.27
5483, 0.38
5484, 0.57
5485, 0.05
5486, 0.57
5487, 0.96
5488, 0.24
5489, 0.54
5490, 0.97
5491, 0.41
5492, 0.95
5493, 0.57
5494, 0.47
5495, 0.57
5496, 1.00
5497, 0.40
5498, 0.47
5499, 0.19
5500, 0.98
5501, 0.48
5502, 0.53
5503, 0.54
5504, 0.57
5505, 0.37
5506, 0.57
5507, 0.57
5508, 0.45
5509, 0.40
5510, 0.49
5511, 0.30
5512, 0.56
5513, 0.55
5514, 1.00
5515, 0.54
5516, 0.54
5517, 0.51
5518, 0.40
5519, 0.57
5520, 0.77
5521, 0.37
5522, 0.54
5523, 0.42
5524, 0.97
5525, 0.25
5526, 0.54
5527, 0.57
5528, 0.18
5529, 0.53
5530, 0.15
5531, 0.39
5532, 0.57
5533, 0.57
5534, 0.44
5535, 0.57
5536, 0.57
5537, 0.57
5538, 1.00
5539, 0.47
5540, 0.18
5541, 0.08
5542, 1.00
5543, 0.61
5544, 0.85
5545, 0.14
5546, 0.57
5547, 0.33
5548, 0.44
5549, 0.36
5550, 0.11
5551, 0.35
5552, 0.33
5553, 0.14
5554, 0.60
5555, 0.52
5556, 0.57
5557, 0.53
5558, 0.54
5559, 0.54
5560, 0.52
5561, 0.22
5562, 0.57
5563, 0.57
5564, 0.57
5565, 0.35
5566, 0.14
5567, 0.08
5568, 0.40
5569, 0.50
5570, 0.42
5571, 0.57
5572, 0.89
5573, 0.97
5574, 0.57
5575, 0.44
5576, 0.09
5577, 0.22
5578, 0.50
5579, 0.24
5580, 0.50
5581, 0.49
5582, 0.44
5583, 0.56
5584, 0.42
5585, 0.57
5586, 0.57
5587, 0.04
5588, 0.57
5589, 0.57
5590, 0.57
5591, 0.57
5592, 0.40
5593, 0.48
5594, 0.85
5595, 0.57
5596, 0.17
5597, 0.32
5598, 0.48
5599, 1.00
5600, 0.57
5601, 0.51
5602, 0.53
5603, 0.56
5604, 0.34
5605, 0.90
5606, 0.18
5607, 0.48
5608, 0.23
5609, 0.32
5610, 0.36
5611, 0.57
5612, 0.57
5613, 0.20
5614, 0.49
5615, 0.11
5616, 0.24
5617, 0.12
5618, 0.38
5619, 0.57
5620, 0.40
5621, 0.98
5622, 0.34
5623, 0.44
5624, 0.41
5625, 0.57
5626, 0.28
5627, 0.51
5628, 0.35
5629, 0.57
5630, 0.35
5631, 0.52
5632, 0.36
5633, 0.99
5634, 0.33
5635, 0.83
5636, 0.23
5637, 0.57
5638, 0.57
5639, 0.25
5640, 0.45
5641, 0.54
5642, 0.57
5643, 0.48
5644, 0.98
5645, 0.20
5646, 0.16
5647, 0.15
5648, 0.06
5649, 0.25
5650, 0.57
5651, 0.51
5652, 0.57
5653, 0.11
5654, 0.27
5655, 0.57
5656, 0.57
5657, 0.57
5658, 0.99
5659, 0.48
5660, 0.91
5661, 0.41
5662, 1.00
5663, 0.32
5664, 0.57
5665, 0.30
5666, 0.57
5667, 0.49
5668, 0.39
5669, 0.31
5670, 0.47
5671, 0.51
5672, 0.57
5673, 0.22
5674, 0.19
5675, 0.99
5676, 0.40
5677, 0.18
5678, 0.51
5679, 0.57
5680, 0.44
5681, 0.43
5682, 0.31
5683, 0.44
5684, 0.99
5685, 0.57
5686, 0.35
5687, 0.95
5688, 1.00
5689, 0.42
5690, 0.23
5691, 0.57
5692, 0.39
5693, 0.57
5694, 0.56
5695, 0.26
5696, 0.22
5697, 0.56
5698, 0.43
5699, 0.49
5700, 0.28
5701, 0.97
5702, 0.23
5703, 0.91
5704, 0.80
5705, 0.97
5706, 0.96
5707, 0.31
5708, 0.57
5709, 0.37
5710, 0.89
5711, 0.29
5712, 0.57
5713, 0.12
5714, 0.57
5715, 0.57
5716, 0.51
5717, 0.57
5718, 0.32
5719, 0.16
5720, 0.41
5721, 0.29
5722, 0.52
5723, 0.57
5724, 0.33
5725, 0.57
5726, 0.45
5727, 0.14
5728, 0.14
5729, 0.13
5730, 0.57
5731, 0.42
5732, 0.48
5733, 0.83
5734, 0.55
5735, 0.39
5736, 0.86
5737, 0.50
5738, 0.57
5739, 0.98
5740, 0.40
5741, 0.57
5742, 0.47
5743, 0.32
5744, 0.31
5745, 0.92
5746, 0.51
5747, 0.57
5748, 0.27
5749, 0.54
5750, 0.35
5751, 0.92
5752, 0.52
5753, 0.57
5754, 0.54
5755, 0.57
5756, 0.84
5757, 0.55
5758, 0.45
5759, 0.45
5760, 0.34
5761, 0.46
5762, 0.56
5763, 0.57
5764, 0.39
5765, 0.37
5766, 0.57
5767, 0.45
5768, 0.55
5769, 0.99
5770, 0.57
5771, 0.37
5772, 0.57
5773, 0.57
5774, 0.57
5775, 0.42
5776, 0.57
5777, 0.55
5778, 0.27
5779, 0.57
5780, 0.57
5781, 0.56
5782, 0.57
5783, 0.35
5784, 0.38
5785, 0.57
5786, 0.89
5787, 0.57
5788, 0.56
5789, 0.26
5790, 0.59
5791, 0.17
5792, 0.46
5793, 0.57
5794, 0.22
5795, 0.41
5796, 0.19
5797, 0.35
5798, 0.57
5799, 0.49
5800, 0.26
5801, 0.38
5802, 0.57
5803, 0.44
5804, 0.57
5805, 0.97
5806, 0.55
5807, 0.57
5808, 0.21
5809, 0.47
5810, 0.57
5811, 0.48
5812, 0.35
5813, 0.57
5814, 0.57
5815, 0.43
5816, 0.48
5817, 0.49
5818, 1.00
5819, 0.46
5820, 0.57
5821, 0.57
5822, 0.30
5823, 0.29
5824, 0.57
5825, 0.57
5826, 0.92
5827, 0.57
5828, 0.50
5829, 0.55
5830, 0.35
5831, 0.54
5832, 0.57
5833, 0.42
5834, 0.57
5835, 0.27
5836, 0.14
5837, 0.57
5838, 0.57
5839, 0.96
5840, 0.57
5841, 0.55
5842, 0.57
5843, 0.99
5844, 0.57
5845, 0.95
5846, 0.57
5847, 0.35
5848, 0.57
5849, 0.29
5850, 0.29
5851, 0.57
5852, 0.42
5853, 0.57
5854, 0.22
5855, 0.49
5856, 0.54
5857, 0.23
5858, 0.57
5859, 0.57
5860, 0.50
5861, 0.07
5862, 0.46
5863, 0.57
5864, 0.97
5865, 0.54
5866, 0.57
5867, 0.98
5868, 0.21
5869, 0.26
5870, 0.18
5871, 0.57
5872, 0.55
5873, 0.85
5874, 0.48
5875, 0.48
5876, 0.62
5877, 0.98
5878, 0.57
5879, 0.52
5880, 0.57
5881, 0.17
5882, 0.34
5883, 0.97
5884, 0.71
5885, 0.33
5886, 0.37
5887, 0.55
5888, 0.34
5889, 0.31
5890, 0.46
5891, 0.33
5892, 0.35
5893, 0.57
5894, 0.57
5895, 0.57
5896, 0.56
5897, 0.49
5898, 0.56
5899, 0.57
5900, 0.46
5901, 0.45
5902, 0.57
5903, 0.57
5904, 0.35
5905, 0.97
5906, 0.49
5907, 0.47
5908, 0.47
5909, 0.20
5910, 0.99
5911, 0.09
5912, 0.55
5913, 0.99
5914, 0.46
5915, 0.35
5916, 0.37
5917, 0.38
5918, 0.08
5919, 0.47
5920, 0.43
5921, 0.57
5922, 0.50
5923, 0.70
5924, 0.23
5925, 0.40
5926, 0.57
5927, 0.29
5928, 0.57
5929, 0.57
5930, 0.56
5931, 0.47
5932, 0.67
5933, 1.00
5934, 0.30
5935, 0.24
5936, 0.18
5937, 0.57
5938, 0.57
5939, 0.23
5940, 0.18
5941, 0.97
5942, 0.21
5943, 0.53
5944, 0.41
5945, 0.98
5946, 0.40
5947, 0.39
5948, 0.39
5949, 0.80
5950, 0.29
5951, 0.34
5952, 0.42
5953, 0.07
5954, 0.57
5955, 0.39
5956, 0.52
5957, 0.75
5958, 0.57
5959, 0.57
5960, 0.19
5961, 0.40
5962, 0.57
5963, 0.32
5964, 0.56
5965, 0.54
5966, 0.80
5967, 0.26
5968, 0.57
5969, 0.23
5970, 0.54
5971, 0.55
5972, 0.91
5973, 0.29
5974, 0.37
5975, 0.57
5976, 0.17
5977, 0.23
5978, 0.52
5979, 0.46
5980, 0.57
5981, 0.32
5982, 0.57
5983, 0.57
5984, 0.42
5985, 0.54
5986, 0.57
5987, 0.57
5988, 0.94
5989, 0.54
5990, 0.94
5991, 1.00
5992, 0.51
5993, 0.38
5994, 0.45
5995, 0.99
5996, 0.50
5997, 0.32
5998, 0.28
5999, 0.57
6000, 0.98
6001, 0.41
6002, 0.96
6003, 0.48
6004, 0.31
6005, 0.57
6006, 0.06
6007, 0.57
6008, 0.57
6009, 0.57
6010, 0.56
6011, 0.57
6012, 0.45
6013, 0.57
6014, 0.47
6015, 0.41
6016, 0.44
6017, 0.38
6018, 0.57
6019, 0.57
6020, 0.57
6021, 0.33
6022, 0.22
6023, 0.57
6024, 0.28
6025, 0.57
6026, 0.13
6027, 0.81
6028, 0.57
6029, 0.42
6030, 0.09
6031, 0.26
6032, 0.97
6033, 0.52
6034, 0.38
6035, 0.57
6036, 0.98
6037, 0.29
6038, 0.57
6039, 0.28
6040, 0.52
6041, 0.23
6042, 0.49
6043, 0.57
6044, 0.52
6045, 0.18
6046, 0.52
6047, 0.67
6048, 0.57
6049, 0.45
6050, 0.99
6051, 0.57
6052, 0.50
6053, 0.51
6054, 0.57
6055, 0.57
6056, 0.07
6057, 0.50
6058, 0.88
6059, 0.57
6060, 0.13
6061, 0.47
6062, 0.45
6063, 0.40
6064, 0.57
6065, 0.42
6066, 0.41
6067, 0.31
6068, 0.53
6069, 0.31
6070, 0.40
6071, 1.00
6072, 0.34
6073, 0.19
6074, 0.57
6075, 0.33
6076, 0.34
6077, 0.53
6078, 0.57
6079, 0.29
6080, 0.16
6081, 0.54
6082, 0.57
6083, 0.54
6084, 0.49
6085, 0.57
6086, 0.22
6087, 0.42
6088, 0.57
6089, 0.48
6090, 0.52
6091, 0.57
6092, 0.33
6093, 0.57
6094, 0.32
6095, 1.00
6096, 0.57
6097, 0.56
6098, 0.34
6099, 0.52
6100, 0.57
6101, 0.30
6102, 0.17
6103, 0.98
6104, 0.22
6105, 0.51
6106, 0.57
6107, 0.54
6108, 0.38
6109, 0.32
6110, 0.27
6111, 0.56
6112, 0.14
6113, 0.39
6114, 0.57
6115, 0.57
6116, 0.48
6117, 0.51
6118, 0.46
6119, 0.43
6120, 0.49
6121, 0.97
6122, 0.11
6123, 0.22
6124, 0.54
6125, 0.56
6126, 0.52
6127, 0.57
6128, 0.57
6129, 0.19
6130, 0.56
6131, 0.24
6132, 0.42
6133, 0.57
6134, 0.41
6135, 0.57
6136, 0.51
6137, 0.53
6138, 0.47
6139, 1.00
6140, 0.38
6141, 0.37
6142, 0.92
6143, 0.32
6144, 0.57
6145, 0.57
6146, 0.57
6147, 0.38
6148, 0.46
6149, 0.23
6150, 0.57
6151, 0.57
6152, 0.26
6153, 0.48
6154, 0.96
6155, 0.18
6156, 0.33
6157, 0.46
6158, 0.54
6159, 0.27
6160, 0.46
6161, 0.20
6162, 0.57
6163, 0.57
6164, 0.24
6165, 0.57
6166, 0.57
6167, 0.39
6168, 0.57
6169, 0.42
6170, 0.51
6171, 0.93
6172, 0.57
6173, 0.57
6174, 0.42
6175, 0.51
6176, 0.46
6177, 0.53
6178, 0.33
6179, 0.48
6180, 0.55
6181, 0.08
6182, 0.99
6183, 0.46
6184, 0.49
6185, 0.57
6186, 0.57
6187, 0.57
6188, 0.37
6189, 0.99
6190, 0.57
6191, 0.50
6192, 0.57
6193, 0.96
6194, 0.39
6195, 0.50
6196, 0.57
6197, 0.98
6198, 0.57
6199, 0.57
6200, 0.57
6201, 0.57
6202, 0.35
6203, 0.36
6204, 0.94
6205, 0.41
6206, 0.91
6207, 0.43
6208, 0.57
6209, 0.33
6210, 0.57
6211, 0.39
6212, 0.19
6213, 0.19
6214, 0.57
6215, 0.35
6216, 0.57
6217, 0.48
6218, 0.10
6219, 0.98
6220, 0.40
6221, 0.57
6222, 0.28
6223, 0.98
6224, 0.13
6225, 0.51
6226, 0.57
6227, 0.57
6228, 0.46
6229, 0.90
6230, 0.99
6231, 0.57
6232, 0.18
6233, 0.57
6234, 0.96
6235, 0.57
6236, 0.43
6237, 0.57
6238, 0.56
6239, 0.57
6240, 0.20
6241, 0.48
6242, 0.55
6243, 0.42
6244, 0.57
6245, 0.42
6246, 0.46
6247, 0.57
6248, 0.39
6249, 0.48
6250, 0.91
6251, 0.57
6252, 0.36
6253, 0.47
6254, 0.22
6255, 0.57
6256, 0.31
6257, 0.29
6258, 0.47
6259, 0.57
6260, 0.56
6261, 0.45
6262, 0.57
6263, 0.57
6264, 0.16
6265, 0.18
6266, 0.93
6267, 0.52
6268, 0.94
6269, 0.42
6270, 0.50
6271, 0.32
6272, 0.51
6273, 0.14
6274, 0.54
6275, 0.57
6276, 0.57
6277, 0.57
6278, 0.42
6279, 0.20
6280, 0.97
6281, 0.32
6282, 0.24
6283, 0.10
6284, 0.39
6285, 0.46
6286, 0.38
6287, 0.57
6288, 0.43
6289, 0.46
6290, 0.93
6291, 0.51
6292, 0.33
6293, 0.35
6294, 0.27
6295, 0.60
6296, 0.98
6297, 0.35
6298, 0.42
6299, 0.98
6300, 0.57
6301, 0.48
6302, 0.35
6303, 0.49
6304, 0.99
6305, 0.57
6306, 0.57
6307, 0.52
6308, 0.50
6309, 0.44
6310, 0.38
6311, 0.42
6312, 0.08
6313, 0.41
6314, 0.35
6315, 0.52
6316, 0.99
6317, 0.57
6318, 0.42
6319, 0.55
6320, 0.68
6321, 0.43
6322, 0.57
6323, 0.36
6324, 0.99
6325, 0.50
6326, 0.21
6327, 0.48
6328, 0.17
6329, 0.48
6330, 0.51
6331, 0.15
6332, 0.57
6333, 0.52
6334, 0.54
6335, 0.57
6336, 0.57
6337, 0.56
6338, 0.44
6339, 0.46
6340, 0.10
6341, 0.57
6342, 0.57
6343, 0.30
6344, 1.00
6345, 0.23
6346, 0.65
6347, 0.52
6348, 0.74
6349, 0.44
6350, 0.27
6351, 0.54
6352, 0.90
6353, 0.44
6354, 0.56
6355, 0.57
6356, 0.36
6357, 0.24
6358, 0.38
6359, 0.53
6360, 0.96
6361, 0.22
6362, 0.57
6363, 0.99
6364, 0.34
6365, 0.57
6366, 0.18
6367, 0.35
6368, 0.25
6369, 0.86
6370, 0.47
6371, 0.67
6372, 0.22
6373, 0.57
6374, 0.57
6375, 0.57
6376, 0.95
6377, 0.57
6378, 0.97
6379, 0.57
6380, 0.31
6381, 0.57
6382, 0.45
6383, 0.44
6384, 0.33
6385, 0.53
6386, 0.53
6387, 0.33
6388, 0.55
6389, 0.57
6390, 0.57
6391, 0.39
6392, 0.34
6393, 0.57
6394, 0.41
6395, 0.19
6396, 0.99
6397, 0.34
6398, 0.57
6399, 0.26
6400, 0.57
6401, 0.57
6402, 0.27
6403, 0.42
6404, 0.85
6405, 0.32
6406, 0.30
6407, 0.76
6408, 0.57
6409, 0.57
6410, 0.57
6411, 0.57
6412, 0.43
6413, 0.36
6414, 0.57
6415, 0.55
6416, 0.51
6417, 0.22
6418, 0.29
6419, 0.26
6420, 0.57
6421, 0.57
6422, 0.21
6423, 0.27
6424, 0.40
6425, 0.44
6426, 0.94
6427, 0.57
6428, 0.57
6429, 0.57
6430, 0.81
6431, 0.23
6432, 0.57
6433, 0.15
6434, 0.48
6435, 0.30
6436, 0.21
6437, 0.45
6438, 0.54
6439, 0.39
6440, 0.15
6441, 0.56
6442, 0.41
6443, 0.47
6444, 0.21
6445, 0.26
6446, 0.51
6447, 0.57
6448, 0.23
6449, 0.57
6450, 0.28
6451, 0.42
6452, 0.43
6453, 0.55
6454, 0.57
6455, 0.17
6456, 0.98
6457, 0.39
6458, 0.36
6459, 0.57
6460, 0.33
6461, 0.57
6462, 0.41
6463, 0.57
6464, 0.57
6465, 0.38
6466, 0.16
6467, 0.27
6468, 0.94
6469, 0.57
6470, 0.38
6471, 0.57
6472, 0.40
6473, 0.19
6474, 0.40
6475, 0.57
6476, 1.00
6477, 0.57
6478, 0.22
6479, 0.12
6480, 0.29
6481, 0.36
6482, 0.28
6483, 0.38
6484, 0.57
6485, 0.57
6486, 0.16
6487, 0.56
6488, 0.87
6489, 0.28
6490, 0.53
6491, 0.24
6492, 0.20
6493, 0.48
6494, 0.29
6495, 0.33
6496, 0.57
6497, 0.45
6498, 0.18
6499, 0.57
6500, 0.33
6501, 0.57
6502, 0.55
6503, 0.02
6504, 0.24
6505, 0.50
6506, 0.32
6507, 0.45
6508, 0.57
6509, 0.31
6510, 0.53
6511, 0.69
6512, 0.80
6513, 0.35
6514, 0.34
6515, 0.57
6516, 0.57
6517, 0.22
6518, 0.28
6519, 0.44
6520, 0.32
6521, 0.57
6522, 0.57
6523, 0.43
6524, 0.50
6525, 0.51
6526, 0.57
6527, 0.57
6528, 0.42
6529, 0.57
6530, 0.99
6531, 0.57
6532, 0.39
6533, 0.32
6534, 0.57
6535, 0.22
6536, 0.99
6537, 0.38
6538, 0.54
6539, 0.57
6540, 0.57
6541, 0.57
6542, 0.25
6543, 0.98
6544, 0.35
6545, 0.33
6546, 0.47
6547, 0.52
6548, 0.57
6549, 0.36
6550, 0.34
6551, 0.41
6552, 0.18
6553, 0.57
6554, 0.29
6555, 0.56
6556, 0.43
6557, 0.57
6558, 0.57
6559, 0.44
6560, 0.48
6561, 0.57
6562, 0.51
6563, 0.53
6564, 0.48
6565, 0.57
6566, 0.52
6567, 0.96
6568, 0.51
6569, 0.26
6570, 0.57
6571, 0.29
6572, 0.48
6573, 0.51
6574, 0.95
6575, 0.23
6576, 0.26
6577, 0.49
6578, 0.57
6579, 0.23
6580, 0.45
6581, 0.30
6582, 0.57
6583, 0.57
6584, 0.57
6585, 0.34
6586, 0.24
6587, 0.24
6588, 0.54
6589, 0.32
6590, 0.47
6591, 0.34
6592, 0.98
6593, 0.44
6594, 0.35
6595, 0.57
6596, 0.53
6597, 0.43
6598, 0.39
6599, 0.32
6600, 0.57
6601, 0.37
6602, 0.34
6603, 0.39
6604, 0.57
6605, 0.31
6606, 0.57
6607, 0.42
6608, 0.41
6609, 0.53
6610, 0.09
6611, 0.11
6612, 0.35
6613, 0.57
6614, 0.57
6615, 0.57
6616, 0.18
6617, 0.99
6618, 0.27
6619, 0.54
6620, 0.25
6621, 0.07
6622, 0.44
6623, 0.57
6624, 0.24
6625, 0.43
6626, 0.57
6627, 0.52
6628, 0.57
6629, 0.56
6630, 0.85
6631, 0.57
6632, 0.57
6633, 0.44
6634, 0.56
6635, 0.85
6636, 0.48
6637, 0.86
6638, 0.57
6639, 0.98
6640, 0.57
6641, 1.00
6642, 0.52
6643, 0.21
6644, 0.24
6645, 0.23
6646, 0.18
6647, 0.24
6648, 0.28
6649, 0.12
6650, 0.30
6651, 0.57
6652, 0.48
6653, 0.57
6654, 0.57
6655, 0.57
6656, 0.30
6657, 0.49
6658, 0.57
6659, 0.57
6660, 0.90
6661, 0.54
6662, 0.36
6663, 0.57
6664, 0.49
6665, 0.57
6666, 0.57
6667, 0.57
6668, 0.57
6669, 0.42
6670, 0.53
6671, 0.95
6672, 0.57
6673, 0.16
6674, 0.57
6675, 0.13
6676, 0.57
6677, 0.28
6678, 0.57
6679, 0.41
6680, 0.19
6681, 0.57
6682, 0.53
6683, 0.40
6684, 0.22
6685, 0.56
6686, 0.30
6687, 0.55
6688, 0.52
6689, 0.76
6690, 0.50
6691, 0.54
6692, 0.98
6693, 0.57
6694, 0.25
6695, 0.12
6696, 0.95
6697, 0.30
6698, 0.36
6699, 0.50
6700, 0.57
6701, 0.57
6702, 0.24
6703, 0.26
6704, 0.53
6705, 0.34
6706, 0.52
6707, 0.57
6708, 0.57
6709, 0.56
6710, 0.16
6711, 0.57
6712, 0.57
6713, 0.43
6714, 0.11
6715, 0.56
6716, 0.53
6717, 0.19
6718, 0.43
6719, 0.28
6720, 0.25
6721, 0.57
6722, 0.43
6723, 0.99
6724, 0.46
6725, 0.45
6726, 0.43
6727, 0.47
6728, 0.21
6729, 0.99
6730, 0.57
6731, 0.51
6732, 0.99
6733, 0.30
6734, 0.57
6735, 0.57
6736, 0.36
6737, 0.51
6738, 0.57
6739, 0.57
6740, 0.56
6741, 0.57
6742, 0.26
6743, 0.12
6744, 0.98
6745, 0.78
6746, 0.57
6747, 0.37
6748, 0.47
6749, 0.96
6750, 0.55
6751, 0.16
6752, 0.57
6753, 0.36
6754, 0.52
6755, 0.28
6756, 0.57
6757, 0.54
6758, 0.37
6759, 0.33
6760, 0.57
6761, 0.28
6762, 0.16
6763, 0.57
6764, 0.33
6765, 0.59
6766, 0.27
6767, 0.57
6768, 0.38
6769, 0.57
6770, 0.97
6771, 0.57
6772, 0.46
6773, 0.24
6774, 0.57
6775, 0.57
6776, 0.57
6777, 0.57
6778, 0.22
6779, 0.53
6780, 0.57
6781, 1.00
6782, 0.57
6783, 0.57
6784, 0.60
6785, 0.18
6786, 0.28
6787, 0.55
6788, 0.57
6789, 0.99
6790, 0.40
6791, 0.99
6792, 0.97
6793, 0.25
6794, 0.37
6795, 0.57
6796, 1.00
6797, 0.30
6798, 0.98
6799, 0.25
6800, 0.99
6801, 1.00
6802, 0.43
6803, 0.57
6804, 0.12
6805, 0.15
6806, 0.57
6807, 0.57
6808, 0.15
6809, 0.16
6810, 0.22
6811, 0.57
6812, 0.51
6813, 0.42
6814, 0.40
6815, 0.50
6816, 0.53
6817, 0.53
6818, 0.54
6819, 0.57
6820, 0.33
6821, 0.68
6822, 0.30
6823, 0.32
6824, 0.57
6825, 0.76
6826, 0.53
6827, 0.18
6828, 0.57
6829, 0.57
6830, 0.28
6831, 0.99
6832, 0.57
6833, 0.83
6834, 0.44
6835, 0.21
6836, 0.44
6837, 0.22
6838, 0.45
6839, 0.57
6840, 0.39
6841, 0.31
6842, 0.54
6843, 0.53
6844, 0.49
6845, 0.45
6846, 0.39
6847, 0.73
6848, 0.26
6849, 0.30
6850, 0.48
6851, 0.22
6852, 0.45
6853, 0.34
6854, 0.57
6855, 0.53
6856, 0.47
6857, 0.57
6858, 0.48
6859, 0.57
6860, 0.56
6861, 1.00
6862, 1.00
6863, 0.57
6864, 0.48
6865, 0.20
6866, 0.45
6867, 0.50
6868, 0.57
6869, 0.57
6870, 0.57
6871, 0.57
6872, 0.50
6873, 0.83
6874, 0.57
6875, 0.51
6876, 0.57
6877, 0.48
6878, 0.27
6879, 0.57
6880, 0.57
6881, 0.54
6882, 0.57
6883, 0.57
6884, 0.57
6885, 0.33
6886, 0.44
6887, 0.35
6888, 0.57
6889, 0.22
6890, 0.89
6891, 0.51
6892, 1.00
6893, 0.57
6894, 0.91
6895, 0.57
6896, 0.27
6897, 0.39
6898, 0.57
6899, 0.54
6900, 0.93
6901, 0.53
6902, 0.57
6903, 0.35
6904, 0.47
6905, 0.49
6906, 0.37
6907, 0.35
6908, 0.51
6909, 0.17
6910, 0.42
6911, 0.39
6912, 0.54
6913, 0.54
6914, 0.25
6915, 0.11
6916, 0.35
6917, 0.46
6918, 0.51
6919, 0.39
6920, 0.57
6921, 0.45
6922, 0.57
6923, 0.19
6924, 0.88
6925, 0.45
6926, 0.57
6927, 0.26
6928, 0.57
6929, 0.52
6930, 0.53
6931, 0.24
6932, 0.98
6933, 0.57
6934, 0.49
6935, 0.55
6936, 0.95
6937, 0.48
6938, 0.57
6939, 0.29
6940, 0.98
6941, 0.57
6942, 0.57
6943, 0.40
6944, 0.37
6945, 0.24
6946, 0.34
6947, 0.57
6948, 0.20
6949, 0.93
6950, 0.57
6951, 0.83
6952, 0.55
6953, 0.42
6954, 0.45
6955, 0.57
6956, 0.17
6957, 0.27
6958, 0.12
6959, 0.52
6960, 0.57
6961, 0.97
6962, 0.27
6963, 0.33
6964, 0.57
6965, 0.85
6966, 0.12
6967, 0.57
6968, 0.46
6969, 0.37
6970, 0.57
6971, 0.31
6972, 0.56
6973, 0.48
6974, 0.57
6975, 0.83
6976, 0.25
6977, 0.20
6978, 0.39
6979, 0.25
6980, 0.50
6981, 0.11
6982, 0.56
6983, 0.93
6984, 0.46
6985, 0.20
6986, 0.57
6987, 0.57
6988, 0.44
6989, 0.57
6990, 0.53
6991, 0.52
6992, 0.45
6993, 0.56
6994, 0.57
6995, 0.77
6996, 0.56
6997, 0.98
6998, 0.57
6999, 0.32
7000, 0.42
7001, 0.50
7002, 0.57
7003, 0.48
7004, 0.98
7005, 0.53
7006, 0.57
7007, 0.44
7008, 0.50
7009, 0.42
7010, 0.48
7011, 0.35
7012, 0.36
7013, 0.44
7014, 0.40
7015, 0.51
7016, 0.33
7017, 0.57
7018, 0.25
7019, 0.43
7020, 0.57
7021, 0.24
7022, 0.20
7023, 0.57
7024, 0.48
7025, 0.48
7026, 0.57
7027, 0.23
7028, 0.45
7029, 0.57
7030, 0.52
7031, 0.57
7032, 0.57
7033, 0.32
7034, 0.89
7035, 0.59
7036, 0.57
7037, 0.13
7038, 0.57
7039, 0.54
7040, 0.57
7041, 0.43
7042, 0.47
7043, 0.32
7044, 0.39
7045, 0.51
7046, 0.39
7047, 0.46
7048, 0.57
7049, 0.57
7050, 0.38
7051, 0.34
7052, 0.30
7053, 0.57
7054, 0.57
7055, 0.57
7056, 0.55
7057, 0.41
7058, 0.49
7059, 0.30
7060, 0.57
7061, 0.20
7062, 0.57
7063, 0.27
7064, 0.39
7065, 0.93
7066, 0.40
7067, 0.57
7068, 0.29
7069, 0.55
7070, 0.44
7071, 0.57
7072, 1.00
7073, 0.15
7074, 0.24
7075, 0.10
7076, 0.43
7077, 0.25
7078, 0.57
7079, 0.99
7080, 0.84
7081, 0.57
7082, 0.12
7083, 0.39
7084, 0.57
7085, 0.41
7086, 0.47
7087, 0.99
7088, 0.57
7089, 0.47
7090, 0.34
7091, 0.57
7092, 0.55
7093, 0.41
7094, 0.24
7095, 0.48
7096, 0.55
7097, 0.34
7098, 0.47
7099, 0.57
7100, 0.48
7101, 0.36
7102, 0.51
7103, 0.23
7104, 0.57
7105, 0.57
7106, 0.95
7107, 0.34
7108, 0.56
7109, 0.57
7110, 0.22
7111, 0.57
7112, 0.35
7113, 0.57
7114, 0.53
7115, 0.44
7116, 0.46
7117, 0.20
7118, 0.57
7119, 0.57
7120, 0.57
7121, 0.29
7122, 0.15
7123, 0.92
7124, 0.49
7125, 0.28
7126, 0.29
7127, 0.57
7128, 0.40
7129, 0.48
7130, 0.77
7131, 0.57
7132, 0.57
7133, 0.09
7134, 0.57
7135, 0.57
7136, 0.49
7137, 0.28
7138, 0.57
7139, 0.57
7140, 0.19
7141, 0.38
7142, 0.71
7143, 0.39
7144, 0.37
7145, 0.68
7146, 0.57
7147, 0.52
7148, 0.47
7149, 0.97
7150, 0.57
7151, 0.95
7152, 0.42
7153, 0.57
7154, 0.54
7155, 0.61
7156, 0.38
7157, 0.46
7158, 0.57
7159, 0.57
7160, 0.57
7161, 0.15
7162, 0.40
7163, 0.23
7164, 0.57
7165, 0.57
7166, 0.92
7167, 0.29
7168, 0.49
7169, 0.30
7170, 0.57
7171, 0.27
7172, 0.57
7173, 0.42
7174, 0.40
7175, 0.31
7176, 0.57
7177, 0.50
7178, 0.57
7179, 0.91
7180, 1.00
7181, 1.00
7182, 0.57
7183, 0.99
7184, 0.57
7185, 0.57
7186, 0.28
7187, 0.34
7188, 0.31
7189, 0.52
7190, 0.57
7191, 0.42
7192, 0.99
7193, 0.57
7194, 0.57
7195, 0.53
7196, 0.57
7197, 0.13
7198, 0.43
7199, 0.25
7200, 1.00
7201, 0.49
7202, 0.40
7203, 0.32
7204, 0.12
7205, 0.34
7206, 0.37
7207, 0.53
7208, 0.57
7209, 0.50
7210, 0.14
7211, 0.30
7212, 0.33
7213, 0.54
7214, 0.57
7215, 0.20
7216, 0.98
7217, 0.28
7218, 0.57
7219, 0.38
7220, 0.41
7221, 0.57
7222, 1.00
7223, 0.44
7224, 0.51
7225, 1.00
7226, 0.46
7227, 0.54
7228, 0.49
7229, 0.39
7230, 0.44
7231, 0.52
7232, 0.31
7233, 0.52
7234, 0.50
7235, 0.26
7236, 0.57
7237, 0.51
7238, 0.50
7239, 0.44
7240, 0.42
7241, 0.54
7242, 0.52
7243, 0.47
7244, 0.57
7245, 0.44
7246, 0.22
7247, 0.44
7248, 0.16
7249, 0.57
7250, 0.45
7251, 0.57
7252, 0.57
7253, 0.32
7254, 0.40
7255, 0.87
7256, 0.56
7257, 0.20
7258, 0.86
7259, 0.46
7260, 0.37
7261, 0.29
7262, 0.57
7263, 0.50
7264, 0.27
7265, 0.29
7266, 0.22
7267, 1.00
7268, 0.57
7269, 0.90
7270, 0.41
7271, 0.53
7272, 0.37
7273, 0.55
7274, 0.78
7275, 1.00
7276, 0.53
7277, 0.57
7278, 0.57
7279, 0.57
7280, 0.57
7281, 0.49
7282, 0.50
7283, 0.50
7284, 0.37
7285, 0.40
7286, 0.51
7287, 0.72
7288, 0.53
7289, 0.57
7290, 0.53
7291, 0.57
7292, 0.57
7293, 0.57
7294, 0.32
7295, 0.11
7296, 0.95
7297, 0.57
7298, 1.00
7299, 0.51
7300, 0.50
7301, 0.29
7302, 0.57
7303, 0.57
7304, 0.19
7305, 0.99
7306, 0.56
7307, 0.50
7308, 0.34
7309, 0.49
7310, 0.21
7311, 0.57
7312, 0.57
7313, 0.49
7314, 0.57
7315, 0.38
7316, 0.53
7317, 0.57
7318, 0.19
7319, 0.57
7320, 0.31
7321, 0.51
7322, 0.83
7323, 0.33
7324, 0.27
7325, 0.57
7326, 0.40
7327, 0.57
7328, 0.45
7329, 0.57
7330, 0.42
7331, 0.57
7332, 0.42
7333, 0.53
7334, 0.57
7335, 0.53
7336, 0.52
7337, 0.50
7338, 0.48
7339, 0.29
7340, 0.34
7341, 0.42
7342, 0.99
7343, 0.57
7344, 0.42
7345, 0.33
7346, 0.50
7347, 0.96
7348, 0.53
7349, 1.00
7350, 0.30
7351, 0.57
7352, 0.40
7353, 0.52
7354, 0.95
7355, 0.92
7356, 0.40
7357, 0.51
7358, 0.57
7359, 0.48
7360, 0.52
7361, 0.51
7362, 0.98
7363, 0.55
7364, 0.42
7365, 0.57
7366, 0.51
7367, 0.99
7368, 0.47
7369, 0.36
7370, 0.57
7371, 0.33
7372, 0.36
7373, 0.96
7374, 0.49
7375, 0.50
7376, 0.98
7377, 0.36
7378, 0.57
7379, 0.57
7380, 0.57
7381, 0.25
7382, 0.27
7383, 0.57
7384, 0.82
7385, 0.12
7386, 0.57
7387, 0.16
7388, 0.57
7389, 0.95
7390, 0.57
7391, 0.48
7392, 0.34
7393, 0.50
7394, 0.98
7395, 0.49
7396, 0.36
7397, 0.57
7398, 0.45
7399, 0.26
7400, 0.44
7401, 0.95
7402, 0.57
7403, 0.29
7404, 0.56
7405, 0.47
7406, 0.22
7407, 0.54
7408, 0.49
7409, 0.12
7410, 0.39
7411, 0.13
7412, 0.57
7413, 0.16
7414, 0.27
7415, 0.57
7416, 0.15
7417, 0.97
7418, 0.38
7419, 0.45
7420, 0.99
7421, 0.57
