Id,Predicted
0, 0.34
1, 0.10
2, 0.50
3, 0.36
4, 0.97
5, 0.08
6, 0.55
7, 0.42
8, 0.45
9, 0.55
10, 0.43
11, 0.47
12, 0.35
13, 0.50
14, 0.98
15, 0.95
16, 0.97
17, 0.54
18, 0.51
19, 0.53
20, 0.41
21, 0.57
22, 0.49
23, 0.48
24, 0.47
25, 0.51
26, 0.60
27, 0.47
28, 0.50
29, 0.45
30, 0.50
31, 0.41
32, 0.47
33, 0.30
34, 0.69
35, 0.23
36, 0.44
37, 0.47
38, 0.46
39, 0.87
40, 0.49
41, 0.36
42, 0.52
43, 0.39
44, 0.97
45, 0.47
46, 0.49
47, 0.20
48, 0.42
49, 0.49
50, 0.16
51, 0.41
52, 0.08
53, 0.41
54, 0.35
55, 0.47
56, 0.45
57, 0.33
58, 0.25
59, 0.49
60, 0.62
61, 0.44
62, 0.08
63, 0.89
64, 0.95
65, 0.45
66, 0.73
67, 0.47
68, 0.10
69, 0.48
70, 0.55
71, 0.98
72, 0.97
73, 0.46
74, 0.14
75, 0.61
76, 0.51
77, 0.41
78, 0.45
79, 0.09
80, 0.55
81, 0.48
82, 0.63
83, 0.98
84, 0.73
85, 0.69
86, 0.45
87, 0.46
88, 0.49
89, 0.99
90, 0.44
91, 0.99
92, 0.48
93, 0.49
94, 0.98
95, 0.45
96, 0.23
97, 0.46
98, 0.98
99, 0.46
100, 0.56
101, 0.49
102, 0.09
103, 0.78
104, 0.56
105, 0.29
106, 0.42
107, 0.39
108, 0.42
109, 0.68
110, 0.09
111, 0.48
112, 0.34
113, 0.53
114, 0.48
115, 0.50
116, 0.56
117, 0.51
118, 0.11
119, 0.54
120, 0.11
121, 0.53
122, 0.39
123, 0.42
124, 0.44
125, 0.10
126, 0.52
127, 0.56
128, 0.52
129, 0.38
130, 0.10
131, 0.82
132, 0.10
133, 0.35
134, 0.48
135, 0.53
136, 0.15
137, 0.24
138, 0.47
139, 0.66
140, 0.48
141, 0.43
142, 0.50
143, 0.94
144, 0.92
145, 0.53
146, 0.45
147, 0.43
148, 0.48
149, 0.28
150, 0.32
151, 0.99
152, 0.16
153, 0.36
154, 0.45
155, 0.61
156, 0.21
157, 0.51
158, 0.47
159, 0.36
160, 0.55
161, 0.54
162, 0.78
163, 0.19
164, 0.48
165, 0.43
166, 0.22
167, 0.41
168, 0.98
169, 0.37
170, 0.42
171, 0.37
172, 0.85
173, 0.59
174, 0.42
175, 0.55
176, 0.26
177, 0.08
178, 0.56
179, 0.45
180, 0.44
181, 0.48
182, 0.92
183, 0.46
184, 0.26
185, 0.47
186, 0.47
187, 0.51
188, 0.63
189, 0.50
190, 0.58
191, 0.48
192, 0.48
193, 0.38
194, 0.40
195, 0.10
196, 0.49
197, 0.73
198, 0.11
199, 0.09
200, 0.48
201, 0.38
202, 0.37
203, 0.40
204, 0.84
205, 0.39
206, 0.08
207, 0.45
208, 0.97
209, 0.48
210, 0.32
211, 0.50
212, 0.38
213, 0.48
214, 0.39
215, 0.53
216, 0.53
217, 0.50
218, 0.46
219, 0.11
220, 0.27
221, 0.48
222, 0.40
223, 0.07
224, 0.43
225, 0.45
226, 0.40
227, 0.82
228, 0.57
229, 0.37
230, 0.10
231, 0.13
232, 0.46
233, 0.33
234, 0.22
235, 0.11
236, 0.47
237, 0.13
238, 0.50
239, 0.43
240, 0.34
241, 0.56
242, 0.07
243, 0.12
244, 0.43
245, 0.38
246, 0.62
247, 0.67
248, 0.45
249, 0.12
250, 0.98
251, 0.45
252, 0.50
253, 0.12
254, 0.48
255, 0.51
256, 0.49
257, 0.50
258, 0.51
259, 0.43
260, 0.08
261, 0.09
262, 0.08
263, 0.98
264, 0.47
265, 0.48
266, 0.43
267, 0.65
268, 0.46
269, 0.47
270, 0.52
271, 0.52
272, 0.47
273, 0.48
274, 0.71
275, 0.72
276, 0.56
277, 0.09
278, 0.51
279, 0.30
280, 0.92
281, 0.82
282, 0.99
283, 0.46
284, 0.57
285, 0.60
286, 0.45
287, 0.50
288, 0.97
289, 0.41
290, 0.47
291, 0.38
292, 0.94
293, 0.45
294, 0.28
295, 0.65
296, 0.13
297, 0.42
298, 0.17
299, 0.38
300, 0.46
301, 0.40
302, 0.35
303, 0.44
304, 0.41
305, 0.60
306, 0.52
307, 0.54
308, 0.54
309, 0.44
310, 0.53
311, 0.07
312, 0.98
313, 0.43
314, 0.47
315, 0.49
316, 0.49
317, 0.68
318, 0.35
319, 0.12
320, 0.25
321, 0.97
322, 0.13
323, 0.11
324, 0.73
325, 0.91
326, 0.41
327, 0.37
328, 0.46
329, 0.45
330, 0.12
331, 0.49
332, 0.12
333, 0.09
334, 0.99
335, 0.50
336, 0.36
337, 0.42
338, 0.46
339, 0.51
340, 0.40
341, 0.47
342, 0.33
343, 0.27
344, 0.98
345, 0.54
346, 0.10
347, 0.36
348, 0.54
349, 0.61
350, 0.91
351, 0.33
352, 0.59
353, 0.82
354, 0.47
355, 0.49
356, 0.40
357, 0.17
358, 0.42
359, 0.50
360, 0.43
361, 0.51
362, 0.57
363, 0.57
364, 0.58
365, 0.49
366, 0.52
367, 0.94
368, 0.54
369, 0.14
370, 0.41
371, 0.75
372, 0.56
373, 0.62
374, 0.88
375, 0.73
376, 0.46
377, 0.42
378, 0.47
379, 0.44
380, 0.47
381, 0.15
382, 0.09
383, 0.51
384, 0.49
385, 0.33
386, 0.09
387, 0.46
388, 0.64
389, 0.18
390, 0.95
391, 0.46
392, 0.51
393, 0.32
394, 0.49
395, 0.49
396, 0.70
397, 0.07
398, 0.46
399, 0.81
400, 0.51
401, 0.75
402, 0.51
403, 0.48
404, 0.29
405, 0.53
406, 0.20
407, 0.62
408, 0.48
409, 0.33
410, 0.14
411, 0.28
412, 0.45
413, 0.52
414, 0.10
415, 0.42
416, 0.44
417, 0.96
418, 0.45
419, 0.52
420, 0.52
421, 0.66
422, 0.46
423, 0.68
424, 0.98
425, 0.61
426, 0.49
427, 0.76
428, 0.98
429, 0.13
430, 0.45
431, 0.48
432, 0.50
433, 0.20
434, 0.98
435, 0.52
436, 0.44
437, 0.48
438, 0.47
439, 0.14
440, 0.96
441, 0.40
442, 0.37
443, 0.35
444, 0.52
445, 0.45
446, 0.51
447, 0.16
448, 0.43
449, 0.96
450, 0.59
451, 0.21
452, 0.72
453, 0.62
454, 0.33
455, 0.37
456, 0.41
457, 0.40
458, 0.53
459, 0.44
460, 0.53
461, 0.49
462, 0.50
463, 0.98
464, 0.83
465, 0.30
466, 0.52
467, 0.50
468, 0.98
469, 0.45
470, 0.45
471, 0.46
472, 0.34
473, 0.54
474, 0.92
475, 0.80
476, 0.98
477, 0.44
478, 0.21
479, 0.34
480, 0.36
481, 0.95
482, 0.95
483, 0.50
484, 0.15
485, 0.74
486, 0.30
487, 0.97
488, 0.43
489, 0.36
490, 0.29
491, 0.11
492, 0.32
493, 0.48
494, 0.40
495, 0.35
496, 0.37
497, 0.50
498, 0.78
499, 0.75
500, 0.90
501, 0.40
502, 0.16
503, 0.49
504, 0.65
505, 0.98
506, 0.52
507, 0.98
508, 0.53
509, 0.35
510, 0.54
511, 0.49
512, 0.42
513, 0.40
514, 0.47
515, 0.53
516, 0.29
517, 0.62
518, 0.33
519, 0.38
520, 0.13
521, 0.51
522, 0.14
523, 0.36
524, 0.55
525, 0.46
526, 0.40
527, 0.61
528, 0.49
529, 0.41
530, 0.48
531, 0.48
532, 0.39
533, 0.52
534, 0.40
535, 0.50
536, 0.37
537, 0.49
538, 0.60
539, 0.28
540, 0.93
541, 0.52
542, 0.51
543, 0.99
544, 0.46
545, 0.47
546, 0.98
547, 0.45
548, 0.36
549, 0.30
550, 0.31
551, 0.41
552, 0.98
553, 0.12
554, 0.51
555, 0.43
556, 0.19
557, 0.97
558, 0.56
559, 0.64
560, 0.47
561, 0.34
562, 0.79
563, 0.99
564, 0.41
565, 0.94
566, 0.33
567, 0.90
568, 0.71
569, 0.97
570, 0.47
571, 0.33
572, 0.51
573, 0.07
574, 0.51
575, 0.58
576, 0.73
577, 0.72
578, 0.51
579, 0.64
580, 0.47
581, 0.54
582, 0.38
583, 0.44
584, 0.32
585, 0.38
586, 0.11
587, 0.44
588, 0.17
589, 0.39
590, 0.44
591, 0.60
592, 0.57
593, 0.98
594, 0.49
595, 0.95
596, 0.40
597, 0.48
598, 0.50
599, 0.51
600, 0.50
601, 0.98
602, 0.76
603, 0.35
604, 0.80
605, 0.19
606, 0.28
607, 0.09
608, 0.98
609, 0.61
610, 0.55
611, 0.51
612, 0.38
613, 0.42
614, 0.50
615, 0.36
616, 0.44
617, 0.48
618, 0.45
619, 0.16
620, 0.47
621, 0.50
622, 0.45
623, 0.50
624, 0.36
625, 0.44
626, 0.36
627, 0.98
628, 0.44
629, 0.58
630, 0.48
631, 0.34
632, 0.21
633, 0.48
634, 0.97
635, 0.53
636, 0.99
637, 0.56
638, 0.32
639, 0.51
640, 0.41
641, 0.53
642, 0.48
643, 0.59
644, 0.70
645, 0.52
646, 0.31
647, 0.36
648, 0.98
649, 0.48
650, 0.35
651, 0.51
652, 0.76
653, 0.76
654, 0.97
655, 0.33
656, 0.53
657, 0.48
658, 0.08
659, 0.35
660, 0.98
661, 0.47
662, 0.50
663, 0.46
664, 0.38
665, 0.42
666, 0.45
667, 0.90
668, 0.51
669, 0.90
670, 0.68
671, 0.48
672, 0.98
673, 0.67
674, 0.48
675, 0.98
676, 0.07
677, 0.23
678, 0.08
679, 0.53
680, 0.97
681, 0.96
682, 0.49
683, 0.31
684, 0.55
685, 0.45
686, 0.47
687, 0.57
688, 0.31
689, 0.24
690, 0.65
691, 0.68
692, 0.50
693, 0.41
694, 0.72
695, 0.41
696, 0.52
697, 0.46
698, 0.43
699, 0.54
700, 0.37
701, 0.32
702, 0.46
703, 0.45
704, 0.28
705, 0.39
706, 0.39
707, 0.09
708, 0.38
709, 0.06
710, 0.98
711, 0.48
712, 0.50
713, 0.45
714, 0.52
715, 0.34
716, 0.19
717, 0.30
718, 0.40
719, 0.47
720, 0.07
721, 0.60
722, 0.09
723, 0.38
724, 0.31
725, 0.46
726, 0.46
727, 0.51
728, 0.47
729, 0.31
730, 0.38
731, 0.10
732, 0.34
733, 0.94
734, 0.14
735, 0.43
736, 0.51
737, 0.06
738, 0.49
739, 0.29
740, 0.46
741, 0.13
742, 0.48
743, 0.28
744, 0.96
745, 0.33
746, 0.28
747, 0.52
748, 0.32
749, 0.77
750, 0.47
751, 0.41
752, 0.59
753, 0.80
754, 0.45
755, 0.34
756, 0.43
757, 0.65
758, 0.08
759, 0.46
760, 0.09
761, 0.49
762, 0.45
763, 0.32
764, 0.34
765, 0.22
766, 0.80
767, 0.42
768, 0.15
769, 0.42
770, 0.59
771, 0.52
772, 0.44
773, 0.48
774, 0.48
775, 0.52
776, 0.59
777, 0.40
778, 0.73
779, 0.52
780, 0.50
781, 0.54
782, 0.74
783, 0.41
784, 0.54
785, 0.52
786, 0.45
787, 0.38
788, 0.95
789, 0.19
790, 0.15
791, 0.74
792, 0.44
793, 0.14
794, 0.44
795, 0.52
796, 0.17
797, 0.52
798, 0.55
799, 0.98
800, 0.47
801, 0.69
802, 0.50
803, 0.95
804, 0.42
805, 0.39
806, 0.70
807, 0.52
808, 0.11
809, 0.14
810, 0.44
811, 0.64
812, 0.91
813, 0.10
814, 0.42
815, 0.36
816, 0.52
817, 0.38
818, 0.28
819, 0.46
820, 0.52
821, 0.08
822, 0.93
823, 0.47
824, 0.25
825, 0.09
826, 0.52
827, 0.60
828, 0.97
829, 0.52
830, 0.16
831, 0.67
832, 0.43
833, 0.48
834, 0.51
835, 0.43
836, 0.66
837, 0.39
838, 0.62
839, 0.49
840, 0.08
841, 0.52
842, 0.42
843, 0.64
844, 0.44
845, 0.42
846, 0.54
847, 0.09
848, 0.33
849, 0.49
850, 0.09
851, 0.45
852, 0.11
853, 0.60
854, 0.52
855, 0.99
856, 0.42
857, 0.44
858, 0.48
859, 0.73
860, 0.57
861, 0.48
862, 0.54
863, 0.47
864, 0.52
865, 0.48
866, 0.45
867, 0.12
868, 0.43
869, 0.46
870, 0.09
871, 0.54
872, 0.98
873, 0.98
874, 0.14
875, 0.08
876, 0.39
877, 0.51
878, 0.44
879, 0.50
880, 0.57
881, 0.43
882, 0.38
883, 0.62
884, 0.40
885, 0.45
886, 0.97
887, 0.38
888, 0.58
889, 0.40
890, 0.67
891, 0.47
892, 0.59
893, 0.39
894, 0.96
895, 0.50
896, 0.41
897, 0.60
898, 0.49
899, 0.11
900, 0.44
901, 0.44
902, 0.68
903, 0.50
904, 0.96
905, 0.98
906, 0.43
907, 0.52
908, 0.16
909, 0.42
910, 0.92
911, 0.50
912, 0.35
913, 0.30
914, 0.28
915, 0.45
916, 0.60
917, 0.99
918, 0.47
919, 0.52
920, 0.46
921, 0.45
922, 0.64
923, 0.54
924, 0.60
925, 0.46
926, 0.39
927, 0.98
928, 0.09
929, 0.95
930, 0.47
931, 0.36
932, 0.30
933, 0.45
934, 0.51
935, 0.27
936, 0.55
937, 0.32
938, 0.47
939, 0.65
940, 0.50
941, 0.22
942, 0.45
943, 0.47
944, 0.43
945, 0.29
946, 0.60
947, 0.93
948, 0.16
949, 0.23
950, 0.53
951, 0.52
952, 0.33
953, 0.52
954, 0.38
955, 0.39
956, 0.48
957, 0.48
958, 0.47
959, 0.06
960, 0.37
961, 0.60
962, 0.47
963, 0.84
964, 0.48
965, 0.43
966, 0.36
967, 0.46
968, 0.41
969, 0.49
970, 0.39
971, 0.09
972, 0.47
973, 0.08
974, 0.51
975, 0.49
976, 0.52
977, 0.49
978, 0.38
979, 0.55
980, 0.48
981, 0.48
982, 0.47
983, 0.49
984, 0.47
985, 0.46
986, 0.38
987, 0.51
988, 0.52
989, 0.45
990, 0.10
991, 0.08
992, 0.42
993, 0.44
994, 0.12
995, 0.45
996, 0.45
997, 0.46
998, 0.26
999, 0.48
1000, 0.50
1001, 0.49
1002, 0.40
1003, 0.49
1004, 0.98
1005, 0.11
1006, 0.37
1007, 0.93
1008, 0.47
1009, 0.35
1010, 0.47
1011, 0.39
1012, 0.45
1013, 0.40
1014, 0.08
1015, 0.45
1016, 0.67
1017, 0.46
1018, 0.52
1019, 0.58
1020, 0.08
1021, 0.63
1022, 0.55
1023, 0.50
1024, 0.46
1025, 0.36
1026, 0.92
1027, 0.52
1028, 0.98
1029, 0.46
1030, 0.29
1031, 0.97
1032, 0.49
1033, 0.47
1034, 0.50
1035, 0.97
1036, 0.48
1037, 0.42
1038, 0.48
1039, 0.55
1040, 0.54
1041, 0.51
1042, 0.97
1043, 0.40
1044, 0.43
1045, 0.54
1046, 0.34
1047, 0.45
1048, 0.40
1049, 0.35
1050, 0.42
1051, 0.82
1052, 0.59
1053, 0.31
1054, 0.21
1055, 0.98
1056, 0.08
1057, 0.35
1058, 0.47
1059, 0.45
1060, 0.48
1061, 0.40
1062, 0.45
1063, 0.47
1064, 0.98
1065, 0.48
1066, 0.98
1067, 0.42
1068, 0.10
1069, 0.73
1070, 0.63
1071, 0.56
1072, 0.52
1073, 0.52
1074, 0.10
1075, 0.15
1076, 0.40
1077, 0.42
1078, 0.33
1079, 0.11
1080, 0.11
1081, 0.44
1082, 0.45
1083, 0.98
1084, 0.73
1085, 0.67
1086, 0.45
1087, 0.46
1088, 0.51
1089, 0.56
1090, 0.49
1091, 0.46
1092, 0.22
1093, 0.48
1094, 0.48
1095, 0.48
1096, 0.41
1097, 0.48
1098, 0.84
1099, 0.43
1100, 0.51
1101, 0.32
1102, 0.58
1103, 0.44
1104, 0.49
1105, 0.44
1106, 0.42
1107, 0.47
1108, 0.35
1109, 0.19
1110, 0.50
1111, 0.35
1112, 0.50
1113, 0.48
1114, 0.98
1115, 0.58
1116, 0.48
1117, 0.45
1118, 0.70
1119, 0.83
1120, 0.96
1121, 0.40
1122, 0.39
1123, 0.70
1124, 0.83
1125, 0.09
1126, 0.38
1127, 0.42
1128, 0.75
1129, 0.12
1130, 0.47
1131, 0.46
1132, 0.52
1133, 0.45
1134, 0.40
1135, 0.35
1136, 0.38
1137, 0.39
1138, 0.47
1139, 0.40
1140, 0.95
1141, 0.09
1142, 0.13
1143, 0.59
1144, 0.50
1145, 0.49
1146, 0.57
1147, 0.29
1148, 0.98
1149, 0.97
1150, 0.48
1151, 0.38
1152, 0.94
1153, 0.10
1154, 0.20
1155, 0.14
1156, 0.09
1157, 0.43
1158, 0.39
1159, 0.40
1160, 0.55
1161, 0.54
1162, 0.45
1163, 0.42
1164, 0.52
1165, 0.98
1166, 0.50
1167, 0.47
1168, 0.54
1169, 0.53
1170, 0.42
1171, 0.48
1172, 0.98
1173, 0.48
1174, 0.98
1175, 0.57
1176, 0.52
1177, 0.39
1178, 0.41
1179, 0.48
1180, 0.40
1181, 0.41
1182, 0.38
1183, 0.53
1184, 0.60
1185, 0.46
1186, 0.98
1187, 0.70
1188, 0.45
1189, 0.52
1190, 0.47
1191, 0.93
1192, 0.46
1193, 0.53
1194, 0.49
1195, 0.51
1196, 0.41
1197, 0.43
1198, 0.64
1199, 0.97
1200, 0.44
1201, 0.39
1202, 0.48
1203, 0.98
1204, 0.41
1205, 0.45
1206, 0.46
1207, 0.55
1208, 0.30
1209, 0.23
1210, 0.47
1211, 0.76
1212, 0.59
1213, 0.50
1214, 0.34
1215, 0.55
1216, 0.52
1217, 0.25
1218, 0.38
1219, 0.36
1220, 0.09
1221, 0.95
1222, 0.47
1223, 0.53
1224, 0.82
1225, 0.46
1226, 0.45
1227, 0.11
1228, 0.53
1229, 0.46
1230, 0.69
1231, 0.54
1232, 0.75
1233, 0.11
1234, 0.68
1235, 0.39
1236, 0.51
1237, 0.42
1238, 0.50
1239, 0.11
1240, 0.47
1241, 0.15
1242, 0.51
1243, 0.76
1244, 0.42
1245, 0.55
1246, 0.47
1247, 0.12
1248, 0.80
1249, 0.41
1250, 0.46
1251, 0.52
1252, 0.59
1253, 0.51
1254, 0.46
1255, 0.46
1256, 0.95
1257, 0.95
1258, 0.56
1259, 0.42
1260, 0.26
1261, 0.51
1262, 0.60
1263, 0.30
1264, 0.49
1265, 0.53
1266, 0.51
1267, 0.43
1268, 0.58
1269, 0.39
1270, 0.08
1271, 0.45
1272, 0.59
1273, 0.98
1274, 0.48
1275, 0.45
1276, 0.46
1277, 0.36
1278, 0.46
1279, 0.97
1280, 0.39
1281, 0.47
1282, 0.48
1283, 0.51
1284, 0.51
1285, 0.97
1286, 0.93
1287, 0.78
1288, 0.51
1289, 0.44
1290, 0.53
1291, 0.96
1292, 0.31
1293, 0.98
1294, 0.55
1295, 0.59
1296, 0.47
1297, 0.57
1298, 0.35
1299, 0.46
1300, 0.37
1301, 0.77
1302, 0.10
1303, 0.48
1304, 0.32
1305, 0.70
1306, 0.99
1307, 0.49
1308, 0.43
1309, 0.22
1310, 0.39
1311, 0.40
1312, 0.08
1313, 0.41
1314, 0.12
1315, 0.98
1316, 0.36
1317, 0.31
1318, 0.54
1319, 0.58
1320, 0.43
1321, 0.45
1322, 0.10
1323, 0.57
1324, 0.39
1325, 0.55
1326, 0.47
1327, 0.38
1328, 0.88
1329, 0.69
1330, 0.35
1331, 0.48
1332, 0.85
1333, 0.33
1334, 0.56
1335, 0.52
1336, 0.44
1337, 0.32
1338, 0.48
1339, 0.93
1340, 0.43
1341, 0.11
1342, 0.43
1343, 0.53
1344, 0.48
1345, 0.94
1346, 0.37
1347, 0.42
1348, 0.22
1349, 0.44
1350, 0.50
1351, 0.38
1352, 0.09
1353, 0.40
1354, 0.72
1355, 0.47
1356, 0.29
1357, 0.45
1358, 0.55
1359, 0.33
1360, 0.39
1361, 0.43
1362, 0.98
1363, 0.48
1364, 0.46
1365, 0.47
1366, 0.43
1367, 0.97
1368, 0.51
1369, 0.58
1370, 0.89
1371, 0.27
1372, 0.50
1373, 0.20
1374, 0.14
1375, 0.98
1376, 0.48
1377, 0.07
1378, 0.50
1379, 0.49
1380, 0.46
1381, 0.47
1382, 0.23
1383, 0.38
1384, 0.56
1385, 0.63
1386, 0.52
1387, 0.45
1388, 0.43
1389, 0.46
1390, 0.46
1391, 0.61
1392, 0.54
1393, 0.47
1394, 0.97
1395, 0.42
1396, 0.48
1397, 0.09
1398, 0.45
1399, 0.54
1400, 0.44
1401, 0.43
1402, 0.45
1403, 0.27
1404, 0.16
1405, 0.10
1406, 0.37
1407, 0.77
1408, 0.48
1409, 0.58
1410, 0.98
1411, 0.46
1412, 0.98
1413, 0.54
1414, 0.51
1415, 0.12
1416, 0.50
1417, 0.37
1418, 0.40
1419, 0.41
1420, 0.51
1421, 0.30
1422, 0.51
1423, 0.40
1424, 0.41
1425, 0.54
1426, 0.49
1427, 0.51
1428, 0.52
1429, 0.10
1430, 0.47
1431, 0.51
1432, 0.51
1433, 0.46
1434, 0.61
1435, 0.18
1436, 0.43
1437, 0.54
1438, 0.08
1439, 0.65
1440, 0.45
1441, 0.41
1442, 0.49
1443, 0.42
1444, 0.59
1445, 0.28
1446, 0.08
1447, 0.09
1448, 0.14
1449, 0.26
1450, 0.47
1451, 0.54
1452, 0.90
1453, 0.78
1454, 0.24
1455, 0.47
1456, 0.47
1457, 0.41
1458, 0.12
1459, 0.45
1460, 0.40
1461, 0.14
1462, 0.45
1463, 0.09
1464, 0.54
1465, 0.15
1466, 0.52
1467, 0.23
1468, 0.62
1469, 0.52
1470, 0.47
1471, 0.45
1472, 0.21
1473, 0.10
1474, 0.38
1475, 0.98
1476, 0.43
1477, 0.44
1478, 0.08
1479, 0.43
1480, 0.79
1481, 0.57
1482, 0.39
1483, 0.58
1484, 0.48
1485, 0.44
1486, 0.66
1487, 0.99
1488, 0.21
1489, 0.58
1490, 0.15
1491, 0.44
1492, 0.63
1493, 0.44
1494, 0.55
1495, 0.97
1496, 0.40
1497, 0.67
1498, 0.14
1499, 0.46
1500, 0.33
1501, 0.42
1502, 0.38
1503, 0.54
1504, 0.14
1505, 0.61
1506, 0.53
1507, 0.64
1508, 0.55
1509, 0.46
1510, 0.55
1511, 0.44
1512, 0.32
1513, 0.38
1514, 0.12
1515, 0.48
1516, 0.48
1517, 0.54
1518, 0.59
1519, 0.10
1520, 0.14
1521, 0.06
1522, 0.46
1523, 0.10
1524, 0.46
1525, 0.55
1526, 0.12
1527, 0.08
1528, 0.59
1529, 0.56
1530, 0.43
1531, 0.98
1532, 0.17
1533, 0.73
1534, 0.51
1535, 0.67
1536, 0.38
1537, 0.73
1538, 0.97
1539, 0.50
1540, 0.48
1541, 0.47
1542, 0.52
1543, 0.39
1544, 0.47
1545, 0.67
1546, 0.55
1547, 0.47
1548, 0.50
1549, 0.61
1550, 0.17
1551, 0.47
1552, 0.54
1553, 0.31
1554, 0.45
1555, 0.12
1556, 0.21
1557, 0.97
1558, 0.43
1559, 0.66
1560, 0.92
1561, 0.45
1562, 0.15
1563, 0.11
1564, 0.85
1565, 0.89
1566, 0.45
1567, 0.57
1568, 0.48
1569, 0.97
1570, 0.53
1571, 0.93
1572, 0.95
1573, 0.15
1574, 0.10
1575, 0.35
1576, 0.88
1577, 0.96
1578, 0.98
1579, 0.41
1580, 0.30
1581, 0.38
1582, 0.36
1583, 0.55
1584, 0.20
1585, 0.47
1586, 0.14
1587, 0.48
1588, 0.51
1589, 0.83
1590, 0.47
1591, 0.98
1592, 0.53
1593, 0.44
1594, 0.44
1595, 0.50
1596, 0.50
1597, 0.54
1598, 0.74
1599, 0.63
1600, 0.09
1601, 0.44
1602, 0.74
1603, 0.49
1604, 0.49
1605, 0.12
1606, 0.52
1607, 0.49
1608, 0.44
1609, 0.39
1610, 0.59
1611, 0.46
1612, 0.38
1613, 0.12
1614, 0.97
1615, 0.98
1616, 0.58
1617, 0.50
1618, 0.80
1619, 0.44
1620, 0.95
1621, 0.48
1622, 0.97
1623, 0.46
1624, 0.61
1625, 0.54
1626, 0.42
1627, 0.55
1628, 0.72
1629, 0.56
1630, 0.66
1631, 0.48
1632, 0.33
1633, 0.33
1634, 0.53
1635, 0.45
1636, 0.96
1637, 0.65
1638, 0.52
1639, 0.11
1640, 0.07
1641, 0.42
1642, 0.96
1643, 0.72
1644, 0.45
1645, 0.42
1646, 0.11
1647, 0.95
1648, 0.71
1649, 0.08
1650, 0.45
1651, 0.38
1652, 0.10
1653, 0.96
1654, 0.15
1655, 0.52
1656, 0.29
1657, 0.44
1658, 0.44
1659, 0.58
1660, 0.49
1661, 0.07
1662, 0.45
1663, 0.56
1664, 0.49
1665, 0.98
1666, 0.43
1667, 0.62
1668, 0.08
1669, 0.48
1670, 0.49
1671, 0.97
1672, 0.38
1673, 0.55
1674, 0.55
1675, 0.10
1676, 0.31
1677, 0.72
1678, 0.49
1679, 0.86
1680, 0.48
1681, 0.57
1682, 0.58
1683, 0.31
1684, 0.45
1685, 0.76
1686, 0.78
1687, 0.49
1688, 0.14
1689, 0.42
1690, 0.39
1691, 0.54
1692, 0.36
1693, 0.07
1694, 0.51
1695, 0.52
1696, 0.49
1697, 0.97
1698, 0.38
1699, 0.48
1700, 0.38
1701, 0.54
1702, 0.64
1703, 0.96
1704, 0.42
1705, 0.45
1706, 0.98
1707, 0.37
1708, 0.46
1709, 0.54
1710, 0.10
1711, 0.67
1712, 0.50
1713, 0.51
1714, 0.46
1715, 0.92
1716, 0.69
1717, 0.50
1718, 0.14
1719, 0.43
1720, 0.45
1721, 0.45
1722, 0.44
1723, 0.44
1724, 0.42
1725, 0.58
1726, 0.86
1727, 0.49
1728, 0.46
1729, 0.92
1730, 0.34
1731, 0.34
1732, 0.50
1733, 0.60
1734, 0.46
1735, 0.49
1736, 0.57
1737, 0.22
1738, 0.98
1739, 0.32
1740, 0.98
1741, 0.56
1742, 0.37
1743, 0.17
1744, 0.29
1745, 0.48
1746, 0.44
1747, 0.52
1748, 0.45
1749, 0.46
1750, 0.62
1751, 0.40
1752, 0.47
1753, 0.73
1754, 0.94
1755, 0.73
1756, 0.38
1757, 0.96
1758, 0.42
1759, 0.61
1760, 0.50
1761, 0.74
1762, 0.40
1763, 0.49
1764, 0.65
1765, 0.74
1766, 0.49
1767, 0.88
1768, 0.31
1769, 0.52
1770, 0.37
1771, 0.44
1772, 0.48
1773, 0.40
1774, 0.49
1775, 0.49
1776, 0.45
1777, 0.50
1778, 0.56
1779, 0.46
1780, 0.96
1781, 0.47
1782, 0.38
1783, 0.44
1784, 0.17
1785, 0.47
1786, 0.49
1787, 0.91
1788, 0.46
1789, 0.45
1790, 0.50
1791, 0.14
1792, 0.52
1793, 0.47
1794, 0.42
1795, 0.09
1796, 0.25
1797, 0.61
1798, 0.08
1799, 0.47
1800, 0.93
1801, 0.49
1802, 0.51
1803, 0.48
1804, 0.33
1805, 0.48
1806, 0.98
1807, 0.52
1808, 0.45
1809, 0.54
1810, 0.54
1811, 0.47
1812, 0.59
1813, 0.62
1814, 0.45
1815, 0.57
1816, 0.31
1817, 0.50
1818, 0.57
1819, 0.44
1820, 0.45
1821, 0.47
1822, 0.39
1823, 0.09
1824, 0.47
1825, 0.47
1826, 0.50
1827, 0.21
1828, 0.11
1829, 0.50
1830, 0.48
1831, 0.48
1832, 0.25
1833, 0.97
1834, 0.42
1835, 0.17
1836, 0.69
1837, 0.45
1838, 0.40
1839, 0.16
1840, 0.35
1841, 0.44
1842, 0.39
1843, 0.13
1844, 0.45
1845, 0.37
1846, 0.87
1847, 0.17
1848, 0.48
1849, 0.29
1850, 0.48
1851, 0.50
1852, 0.51
1853, 0.54
1854, 0.56
1855, 0.42
1856, 0.60
1857, 0.28
1858, 0.27
1859, 0.47
1860, 0.24
1861, 0.46
1862, 0.98
1863, 0.10
1864, 0.43
1865, 0.50
1866, 0.49
1867, 0.53
1868, 0.40
1869, 0.50
1870, 0.34
1871, 0.45
1872, 0.51
1873, 0.55
1874, 0.42
1875, 0.64
1876, 0.97
1877, 0.53
1878, 0.43
1879, 0.63
1880, 0.96
1881, 0.98
1882, 0.57
1883, 0.16
1884, 0.53
1885, 0.07
1886, 0.42
1887, 0.11
1888, 0.35
1889, 0.55
1890, 0.58
1891, 0.49
1892, 0.92
1893, 0.54
1894, 0.10
1895, 0.63
1896, 0.39
1897, 0.49
1898, 0.33
1899, 0.86
1900, 0.48
1901, 0.44
1902, 0.98
1903, 0.67
1904, 0.45
1905, 0.59
1906, 0.48
1907, 0.97
1908, 0.54
1909, 0.51
1910, 0.36
1911, 0.40
1912, 0.88
1913, 0.53
1914, 0.43
1915, 0.31
1916, 0.49
1917, 0.51
1918, 0.30
1919, 0.73
1920, 0.35
1921, 0.94
1922, 0.69
1923, 0.39
1924, 0.98
1925, 0.31
1926, 0.51
1927, 0.46
1928, 0.44
1929, 0.44
1930, 0.18
1931, 0.30
1932, 0.15
1933, 0.54
1934, 0.49
1935, 0.46
1936, 0.46
1937, 0.60
1938, 0.52
1939, 0.46
1940, 0.48
1941, 0.47
1942, 0.47
1943, 0.62
1944, 0.98
1945, 0.40
1946, 0.78
1947, 0.11
1948, 0.43
1949, 0.98
1950, 0.37
1951, 0.51
1952, 0.56
1953, 0.70
1954, 0.52
1955, 0.46
1956, 0.57
1957, 0.46
1958, 0.42
1959, 0.49
1960, 0.28
1961, 0.97
1962, 0.80
1963, 0.56
1964, 0.72
1965, 0.45
1966, 0.33
1967, 0.57
1968, 0.16
1969, 0.44
1970, 0.96
1971, 0.57
1972, 0.97
1973, 0.39
1974, 0.46
1975, 0.58
1976, 0.41
1977, 0.63
1978, 0.44
1979, 0.57
1980, 0.47
1981, 0.49
1982, 0.44
1983, 0.38
1984, 0.45
1985, 0.42
1986, 0.98
1987, 0.39
1988, 0.48
1989, 0.53
1990, 0.59
1991, 0.47
1992, 0.69
1993, 0.61
1994, 0.58
1995, 0.47
1996, 0.48
1997, 0.46
1998, 0.72
1999, 0.33
2000, 0.47
2001, 0.07
2002, 0.45
2003, 0.47
2004, 0.98
2005, 0.92
2006, 0.57
2007, 0.83
2008, 0.47
2009, 0.47
2010, 0.94
2011, 0.71
2012, 0.46
2013, 0.47
2014, 0.57
2015, 0.60
2016, 0.50
2017, 0.35
2018, 0.53
2019, 0.42
2020, 0.37
2021, 0.46
2022, 0.33
2023, 0.10
2024, 0.43
2025, 0.47
2026, 0.52
2027, 0.92
2028, 0.50
2029, 0.97
2030, 0.14
2031, 0.61
2032, 0.33
2033, 0.37
2034, 0.43
2035, 0.52
2036, 0.51
2037, 0.34
2038, 0.52
2039, 0.44
2040, 0.08
2041, 0.33
2042, 0.49
2043, 0.46
2044, 0.43
2045, 0.36
2046, 0.78
2047, 0.21
2048, 0.48
2049, 0.51
2050, 0.30
2051, 0.17
2052, 0.53
2053, 0.53
2054, 0.33
2055, 0.43
2056, 0.44
2057, 0.38
2058, 0.35
2059, 0.59
2060, 0.37
2061, 0.51
2062, 0.36
2063, 0.45
2064, 0.50
2065, 0.97
2066, 0.18
2067, 0.55
2068, 0.30
2069, 0.09
2070, 0.49
2071, 0.42
2072, 0.10
2073, 0.44
2074, 0.36
2075, 0.51
2076, 0.46
2077, 0.35
2078, 0.48
2079, 0.39
2080, 0.56
2081, 0.97
2082, 0.50
2083, 0.33
2084, 0.54
2085, 0.35
2086, 0.36
2087, 0.98
2088, 0.44
2089, 0.52
2090, 0.50
2091, 0.52
2092, 0.78
2093, 0.49
2094, 0.35
2095, 0.35
2096, 0.39
2097, 0.16
2098, 0.09
2099, 0.45
2100, 0.27
2101, 0.43
2102, 0.36
2103, 0.49
2104, 0.11
2105, 0.96
2106, 0.71
2107, 0.98
2108, 0.33
2109, 0.67
2110, 0.55
2111, 0.53
2112, 0.14
2113, 0.37
2114, 0.09
2115, 0.97
2116, 0.11
2117, 0.61
2118, 0.08
2119, 0.53
2120, 0.50
2121, 0.39
2122, 0.47
2123, 0.42
2124, 0.84
2125, 0.48
2126, 0.51
2127, 0.52
2128, 0.46
2129, 0.40
2130, 0.53
2131, 0.37
2132, 0.40
2133, 0.97
2134, 0.98
2135, 0.57
2136, 0.55
2137, 0.98
2138, 0.49
2139, 0.41
2140, 0.43
2141, 0.98
2142, 0.51
2143, 0.48
2144, 0.36
2145, 0.51
2146, 0.53
2147, 0.53
2148, 0.62
2149, 0.12
2150, 0.15
2151, 0.68
2152, 0.49
2153, 0.45
2154, 0.84
2155, 0.46
2156, 0.43
2157, 0.46
2158, 0.43
2159, 0.61
2160, 0.80
2161, 0.82
2162, 0.55
2163, 0.13
2164, 0.46
2165, 0.45
2166, 0.71
2167, 0.53
2168, 0.97
2169, 0.46
2170, 0.43
2171, 0.46
2172, 0.36
2173, 0.56
2174, 0.10
2175, 0.49
2176, 0.47
2177, 0.54
2178, 0.43
2179, 0.48
2180, 0.49
2181, 0.49
2182, 0.95
2183, 0.54
2184, 0.43
2185, 0.50
2186, 0.55
2187, 0.18
2188, 0.73
2189, 0.45
2190, 0.12
2191, 0.07
2192, 0.42
2193, 0.98
2194, 0.44
2195, 0.48
2196, 0.77
2197, 0.10
2198, 0.43
2199, 0.39
2200, 0.42
2201, 0.42
2202, 0.97
2203, 0.93
2204, 0.72
2205, 0.29
2206, 0.09
2207, 0.36
2208, 0.15
2209, 0.26
2210, 0.95
2211, 0.16
2212, 0.54
2213, 0.43
2214, 0.06
2215, 0.41
2216, 0.30
2217, 0.98
2218, 0.46
2219, 0.53
2220, 0.52
2221, 0.49
2222, 0.48
2223, 0.52
2224, 0.15
2225, 0.53
2226, 0.73
2227, 0.47
2228, 0.36
2229, 0.45
2230, 0.48
2231, 0.51
2232, 0.92
2233, 0.46
2234, 0.47
2235, 0.53
2236, 0.37
2237, 0.40
2238, 0.38
2239, 0.35
2240, 0.50
2241, 0.47
2242, 0.53
2243, 0.96
2244, 0.08
2245, 0.39
2246, 0.46
2247, 0.40
2248, 0.20
2249, 0.11
2250, 0.70
2251, 0.46
2252, 0.49
2253, 0.42
2254, 0.08
2255, 0.89
2256, 0.15
2257, 0.42
2258, 0.39
2259, 0.11
2260, 0.87
2261, 0.93
2262, 0.73
2263, 0.41
2264, 0.11
2265, 0.13
2266, 0.52
2267, 0.15
2268, 0.98
2269, 0.66
2270, 0.19
2271, 0.46
2272, 0.53
2273, 0.35
2274, 0.12
2275, 0.90
2276, 0.45
2277, 0.34
2278, 0.44
2279, 0.10
2280, 0.69
2281, 0.60
2282, 0.42
2283, 0.49
2284, 0.60
2285, 0.52
2286, 0.50
2287, 0.10
2288, 0.42
2289, 0.74
2290, 0.98
2291, 0.39
2292, 0.98
2293, 0.98
2294, 0.53
2295, 0.70
2296, 0.75
2297, 0.74
2298, 0.49
2299, 0.11
2300, 0.96
2301, 0.34
2302, 0.09
2303, 0.42
2304, 0.51
2305, 0.50
2306, 0.32
2307, 0.68
2308, 0.60
2309, 0.77
2310, 0.44
2311, 0.53
2312, 0.44
2313, 0.44
2314, 0.49
2315, 0.47
2316, 0.31
2317, 0.85
2318, 0.71
2319, 0.42
2320, 0.57
2321, 0.43
2322, 0.34
2323, 0.35
2324, 0.43
2325, 0.35
2326, 0.26
2327, 0.29
2328, 0.41
2329, 0.07
2330, 0.50
2331, 0.37
2332, 0.44
2333, 0.92
2334, 0.34
2335, 0.34
2336, 0.98
2337, 0.49
2338, 0.51
2339, 0.49
2340, 0.40
2341, 0.46
2342, 0.15
2343, 0.94
2344, 0.42
2345, 0.39
2346, 0.54
2347, 0.51
2348, 0.28
2349, 0.45
2350, 0.44
2351, 0.97
2352, 0.46
2353, 0.09
2354, 0.60
2355, 0.50
2356, 0.21
2357, 0.96
2358, 0.35
2359, 0.16
2360, 0.38
2361, 0.98
2362, 0.49
2363, 0.98
2364, 0.53
2365, 0.65
2366, 0.46
2367, 0.07
2368, 0.46
2369, 0.37
2370, 0.44
2371, 0.45
2372, 0.33
2373, 0.44
2374, 0.27
2375, 0.50
2376, 0.35
2377, 0.46
2378, 0.51
2379, 0.54
2380, 0.43
2381, 0.09
2382, 0.49
2383, 0.44
2384, 0.44
2385, 0.88
2386, 0.46
2387, 0.98
2388, 0.32
2389, 0.96
2390, 0.48
2391, 0.44
2392, 0.89
2393, 0.38
2394, 0.07
2395, 0.46
2396, 0.35
2397, 0.45
2398, 0.97
2399, 0.28
2400, 0.51
2401, 0.34
2402, 0.43
2403, 0.25
2404, 0.31
2405, 0.56
2406, 0.50
2407, 0.10
2408, 0.98
2409, 0.13
2410, 0.51
2411, 0.49
2412, 0.92
2413, 0.47
2414, 0.41
2415, 0.38
2416, 0.48
2417, 0.76
2418, 0.48
2419, 0.99
2420, 0.58
2421, 0.97
2422, 0.56
2423, 0.44
2424, 0.52
2425, 0.48
2426, 0.38
2427, 0.52
2428, 0.52
2429, 0.46
2430, 0.40
2431, 0.48
2432, 0.62
2433, 0.98
2434, 0.43
2435, 0.44
2436, 0.23
2437, 0.43
2438, 0.38
2439, 0.35
2440, 0.32
2441, 0.09
2442, 0.57
2443, 0.48
2444, 0.24
2445, 0.32
2446, 0.11
2447, 0.47
2448, 0.49
2449, 0.77
2450, 0.46
2451, 0.37
2452, 0.43
2453, 0.47
2454, 0.27
2455, 0.48
2456, 0.89
2457, 0.44
2458, 0.43
2459, 0.41
2460, 0.88
2461, 0.96
2462, 0.42
2463, 0.94
2464, 0.46
2465, 0.42
2466, 0.25
2467, 0.52
2468, 0.49
2469, 0.09
2470, 0.46
2471, 0.44
2472, 0.07
2473, 0.50
2474, 0.48
2475, 0.54
2476, 0.72
2477, 0.48
2478, 0.15
2479, 0.97
2480, 0.63
2481, 0.46
2482, 0.98
2483, 0.44
2484, 0.66
2485, 0.12
2486, 0.56
2487, 0.63
2488, 0.51
2489, 0.48
2490, 0.48
2491, 0.50
2492, 0.48
2493, 0.53
2494, 0.56
2495, 0.35
2496, 0.45
2497, 0.49
2498, 0.89
2499, 0.29
2500, 0.50
2501, 0.37
2502, 0.11
2503, 0.17
2504, 0.40
2505, 0.79
2506, 0.49
2507, 0.46
2508, 0.52
2509, 0.12
2510, 0.49
2511, 0.43
2512, 0.38
2513, 0.98
2514, 0.98
2515, 0.65
2516, 0.97
2517, 0.23
2518, 0.47
2519, 0.13
2520, 0.44
2521, 0.30
2522, 0.55
2523, 0.49
2524, 0.42
2525, 0.54
2526, 0.12
2527, 0.55
2528, 0.55
2529, 0.58
2530, 0.64
2531, 0.50
2532, 0.54
2533, 0.42
2534, 0.46
2535, 0.09
2536, 0.39
2537, 0.55
2538, 0.50
2539, 0.43
2540, 0.40
2541, 0.91
2542, 0.11
2543, 0.70
2544, 0.47
2545, 0.50
2546, 0.09
2547, 0.49
2548, 0.54
2549, 0.45
2550, 0.90
2551, 0.50
2552, 0.73
2553, 0.94
2554, 0.45
2555, 0.48
2556, 0.22
2557, 0.44
2558, 0.46
2559, 0.40
2560, 0.41
2561, 0.07
2562, 0.87
2563, 0.97
2564, 0.30
2565, 0.44
2566, 0.46
2567, 0.51
2568, 0.49
2569, 0.96
2570, 0.35
2571, 0.09
2572, 0.53
2573, 0.97
2574, 0.44
2575, 0.46
2576, 0.72
2577, 0.12
2578, 0.55
2579, 0.45
2580, 0.46
2581, 0.49
2582, 0.47
2583, 0.53
2584, 0.31
2585, 0.44
2586, 0.50
2587, 0.50
2588, 0.10
2589, 0.53
2590, 0.34
2591, 0.47
2592, 0.35
2593, 0.49
2594, 0.46
2595, 0.65
2596, 0.25
2597, 0.40
2598, 0.33
2599, 0.31
2600, 0.50
2601, 0.38
2602, 0.46
2603, 0.54
2604, 0.39
2605, 0.43
2606, 0.98
2607, 0.47
2608, 0.48
2609, 0.47
2610, 0.12
2611, 0.30
2612, 0.50
2613, 0.61
2614, 0.10
2615, 0.65
2616, 0.51
2617, 0.91
2618, 0.54
2619, 0.09
2620, 0.57
2621, 0.40
2622, 0.94
2623, 0.46
2624, 0.35
2625, 0.44
2626, 0.95
2627, 0.98
2628, 0.77
2629, 0.44
2630, 0.57
2631, 0.45
2632, 0.55
2633, 0.97
2634, 0.51
2635, 0.28
2636, 0.45
2637, 0.14
2638, 0.20
2639, 0.49
2640, 0.50
2641, 0.46
2642, 0.45
2643, 0.49
2644, 0.42
2645, 0.56
2646, 0.23
2647, 0.44
2648, 0.54
2649, 0.54
2650, 0.49
2651, 0.38
2652, 0.48
2653, 0.10
2654, 0.79
2655, 0.54
2656, 0.57
2657, 0.98
2658, 0.59
2659, 0.18
2660, 0.55
2661, 0.45
2662, 0.95
2663, 0.51
2664, 0.38
2665, 0.57
2666, 0.49
2667, 0.32
2668, 0.51
2669, 0.08
2670, 0.53
2671, 0.98
2672, 0.39
2673, 0.46
2674, 0.53
2675, 0.08
2676, 0.28
2677, 0.47
2678, 0.94
2679, 0.51
2680, 0.45
2681, 0.97
2682, 0.66
2683, 0.96
2684, 0.52
2685, 0.49
2686, 0.83
2687, 0.59
2688, 0.34
2689, 0.58
2690, 0.31
2691, 0.48
2692, 0.54
2693, 0.09
2694, 0.45
2695, 0.41
2696, 0.38
2697, 0.47
2698, 0.49
2699, 0.60
2700, 0.47
2701, 0.29
2702, 0.42
2703, 0.50
2704, 0.37
2705, 0.48
2706, 0.98
2707, 0.42
2708, 0.71
2709, 0.66
2710, 0.82
2711, 0.43
2712, 0.98
2713, 0.59
2714, 0.52
2715, 0.14
2716, 0.35
2717, 0.10
2718, 0.68
2719, 0.46
2720, 0.53
2721, 0.89
2722, 0.48
2723, 0.76
2724, 0.57
2725, 0.13
2726, 0.47
2727, 0.52
2728, 0.47
2729, 0.43
2730, 0.49
2731, 0.47
2732, 0.82
2733, 0.15
2734, 0.41
2735, 0.47
2736, 0.51
2737, 0.41
2738, 0.50
2739, 0.44
2740, 0.45
2741, 0.95
2742, 0.44
2743, 0.97
2744, 0.07
2745, 0.48
2746, 0.35
2747, 0.29
2748, 0.58
2749, 0.41
2750, 0.51
2751, 0.39
2752, 0.16
2753, 0.70
2754, 0.66
2755, 0.94
2756, 0.10
2757, 0.55
2758, 0.99
2759, 0.51
2760, 0.47
2761, 0.10
2762, 0.49
2763, 0.38
2764, 0.50
2765, 0.65
2766, 0.49
2767, 0.29
2768, 0.43
2769, 0.38
2770, 0.47
2771, 0.32
2772, 0.41
2773, 0.47
2774, 0.65
2775, 0.17
2776, 0.90
2777, 0.98
2778, 0.50
2779, 0.13
2780, 0.46
2781, 0.62
2782, 0.14
2783, 0.52
2784, 0.95
2785, 0.37
2786, 0.98
2787, 0.75
2788, 0.09
2789, 0.40
2790, 0.46
2791, 0.49
2792, 0.98
2793, 0.45
2794, 0.45
2795, 0.53
2796, 0.47
2797, 0.43
2798, 0.64
2799, 0.47
2800, 0.07
2801, 0.10
2802, 0.37
2803, 0.53
2804, 0.08
2805, 0.30
2806, 0.10
2807, 0.46
2808, 0.56
2809, 0.42
2810, 0.40
2811, 0.16
2812, 0.39
2813, 0.44
2814, 0.45
2815, 0.63
2816, 0.49
2817, 0.06
2818, 0.31
2819, 0.46
2820, 0.96
2821, 0.41
2822, 0.61
2823, 0.07
2824, 0.60
2825, 0.10
2826, 0.98
2827, 0.48
2828, 0.42
2829, 0.45
2830, 0.47
2831, 0.61
2832, 0.49
2833, 0.44
2834, 0.99
2835, 0.51
2836, 0.24
2837, 0.96
2838, 0.47
2839, 0.47
2840, 0.50
2841, 0.34
2842, 0.51
2843, 0.53
2844, 0.40
2845, 0.34
2846, 0.44
2847, 0.54
2848, 0.72
2849, 0.63
2850, 0.50
2851, 0.59
2852, 0.07
2853, 0.80
2854, 0.43
2855, 0.54
2856, 0.13
2857, 0.98
2858, 0.44
2859, 0.46
2860, 0.44
2861, 0.37
2862, 0.47
2863, 0.51
2864, 0.56
2865, 0.60
2866, 0.45
2867, 0.39
2868, 0.58
2869, 0.54
2870, 0.60
2871, 0.07
2872, 0.43
2873, 0.48
2874, 0.40
2875, 0.47
2876, 0.09
2877, 0.39
2878, 0.59
2879, 0.50
2880, 0.96
2881, 0.49
2882, 0.96
2883, 0.96
2884, 0.95
2885, 0.42
2886, 0.47
2887, 0.61
2888, 0.40
2889, 0.56
2890, 0.49
2891, 0.55
2892, 0.48
2893, 0.53
2894, 0.42
2895, 0.60
2896, 0.96
2897, 0.09
2898, 0.95
2899, 0.45
2900, 0.46
2901, 0.38
2902, 0.98
2903, 0.99
2904, 0.09
2905, 0.42
2906, 0.54
2907, 0.50
2908, 0.74
2909, 0.22
2910, 0.99
2911, 0.48
2912, 0.31
2913, 0.43
2914, 0.36
2915, 0.92
2916, 0.53
2917, 0.13
2918, 0.64
2919, 0.43
2920, 0.36
2921, 0.98
2922, 0.46
2923, 0.49
2924, 0.42
2925, 0.47
2926, 0.39
2927, 0.59
2928, 0.47
2929, 0.49
2930, 0.42
2931, 0.48
2932, 0.43
2933, 0.47
2934, 0.50
2935, 0.50
2936, 0.50
2937, 0.44
2938, 0.88
2939, 0.10
2940, 0.64
2941, 0.30
2942, 0.49
2943, 0.77
2944, 0.55
2945, 0.07
2946, 0.63
2947, 0.48
2948, 0.98
2949, 0.92
2950, 0.10
2951, 0.45
2952, 0.63
2953, 0.45
2954, 0.98
2955, 0.44
2956, 0.44
2957, 0.89
2958, 0.32
2959, 0.22
2960, 0.48
2961, 0.42
2962, 0.43
2963, 0.48
2964, 0.49
2965, 0.34
2966, 0.49
2967, 0.45
2968, 0.27
2969, 0.58
2970, 0.06
2971, 0.51
2972, 0.12
2973, 0.98
2974, 0.76
2975, 0.17
2976, 0.65
2977, 0.36
2978, 0.44
2979, 0.26
2980, 0.49
2981, 0.56
2982, 0.40
2983, 0.25
2984, 0.38
2985, 0.47
2986, 0.61
2987, 0.07
2988, 0.46
2989, 0.31
2990, 0.51
2991, 0.46
2992, 0.79
2993, 0.46
2994, 0.45
2995, 0.55
2996, 0.32
2997, 0.70
2998, 0.37
2999, 0.50
3000, 0.22
3001, 0.47
3002, 0.46
3003, 0.93
3004, 0.82
3005, 0.32
3006, 0.30
3007, 0.53
3008, 0.38
3009, 0.38
3010, 0.54
3011, 0.40
3012, 0.46
3013, 0.48
3014, 0.47
3015, 0.47
3016, 0.30
3017, 0.60
3018, 0.44
3019, 0.47
3020, 0.51
3021, 0.66
3022, 0.47
3023, 0.77
3024, 0.47
3025, 0.48
3026, 0.44
3027, 0.45
3028, 0.48
3029, 0.28
3030, 0.42
3031, 0.96
3032, 0.48
3033, 0.47
3034, 0.34
3035, 0.53
3036, 0.53
3037, 0.38
3038, 0.43
3039, 0.69
3040, 0.64
3041, 0.11
3042, 0.27
3043, 0.35
3044, 0.60
3045, 0.72
3046, 0.55
3047, 0.11
3048, 0.33
3049, 0.31
3050, 0.09
3051, 0.52
3052, 0.58
3053, 0.33
3054, 0.11
3055, 0.42
3056, 0.44
3057, 0.52
3058, 0.66
3059, 0.39
3060, 0.45
3061, 0.57
3062, 0.38
3063, 0.36
3064, 0.10
3065, 0.55
3066, 0.51
3067, 0.51
3068, 0.44
3069, 0.50
3070, 0.60
3071, 0.28
3072, 0.81
3073, 0.45
3074, 0.46
3075, 0.33
3076, 0.41
3077, 0.12
3078, 0.40
3079, 0.47
3080, 0.50
3081, 0.99
3082, 0.98
3083, 0.34
3084, 0.50
3085, 0.44
3086, 0.49
3087, 0.49
3088, 0.52
3089, 0.99
3090, 0.55
3091, 0.44
3092, 0.09
3093, 0.51
3094, 0.97
3095, 0.54
3096, 0.30
3097, 0.43
3098, 0.57
3099, 0.47
3100, 0.97
3101, 0.50
3102, 0.11
3103, 0.45
3104, 0.10
3105, 0.32
3106, 0.37
3107, 0.45
3108, 0.43
3109, 0.44
3110, 0.97
3111, 0.54
3112, 0.40
3113, 0.72
3114, 0.43
3115, 0.50
3116, 0.26
3117, 0.48
3118, 0.39
3119, 0.50
3120, 0.40
3121, 0.47
3122, 0.30
3123, 0.53
3124, 0.93
3125, 0.50
3126, 0.50
3127, 0.45
3128, 0.21
3129, 0.51
3130, 0.70
3131, 0.41
3132, 0.48
3133, 0.75
3134, 0.51
3135, 0.67
3136, 0.39
3137, 0.45
3138, 0.53
3139, 0.33
3140, 0.35
3141, 0.46
3142, 0.89
3143, 0.46
3144, 0.68
3145, 0.12
3146, 0.46
3147, 0.41
3148, 0.45
3149, 0.49
3150, 0.51
3151, 0.52
3152, 0.54
3153, 0.32
3154, 0.75
3155, 0.34
3156, 0.50
3157, 0.61
3158, 0.49
3159, 0.96
3160, 0.48
3161, 0.31
3162, 0.72
3163, 0.36
3164, 0.98
3165, 0.54
3166, 0.53
3167, 0.08
3168, 0.60
3169, 0.72
3170, 0.54
3171, 0.38
3172, 0.47
3173, 0.98
3174, 0.63
3175, 0.54
3176, 0.56
3177, 0.37
3178, 0.48
3179, 0.11
3180, 0.12
3181, 0.47
3182, 0.55
3183, 0.52
3184, 0.49
3185, 0.34
3186, 0.09
3187, 0.43
3188, 0.46
3189, 0.45
3190, 0.49
3191, 0.95
3192, 0.48
3193, 0.41
3194, 0.98
3195, 0.11
3196, 0.39
3197, 0.47
3198, 0.41
3199, 0.43
3200, 0.47
3201, 0.60
3202, 0.45
3203, 0.54
3204, 0.96
3205, 0.44
3206, 0.49
3207, 0.98
3208, 0.53
3209, 0.53
3210, 0.39
3211, 0.99
3212, 0.92
3213, 0.09
3214, 0.28
3215, 0.88
3216, 0.16
3217, 0.47
3218, 0.81
3219, 0.45
3220, 0.46
3221, 0.53
3222, 0.97
3223, 0.53
3224, 0.42
3225, 0.51
3226, 0.46
3227, 0.49
3228, 0.37
3229, 0.45
3230, 0.39
3231, 0.41
3232, 0.98
3233, 0.43
3234, 0.47
3235, 0.10
3236, 0.51
3237, 0.60
3238, 0.58
3239, 0.80
3240, 0.36
3241, 0.37
3242, 0.41
3243, 0.38
3244, 0.48
3245, 0.46
3246, 0.51
3247, 0.97
3248, 0.52
3249, 0.55
3250, 0.09
3251, 0.48
3252, 0.87
3253, 0.55
3254, 0.99
3255, 0.57
3256, 0.32
3257, 0.48
3258, 0.89
3259, 0.47
3260, 0.08
3261, 0.24
3262, 0.46
3263, 0.68
3264, 0.39
3265, 0.61
3266, 0.60
3267, 0.09
3268, 0.52
3269, 0.74
3270, 0.56
3271, 0.34
3272, 0.41
3273, 0.47
3274, 0.98
3275, 0.83
3276, 0.08
3277, 0.45
3278, 0.49
3279, 0.81
3280, 0.69
3281, 0.40
3282, 0.69
3283, 0.17
3284, 0.48
3285, 0.47
3286, 0.96
3287, 0.50
3288, 0.45
3289, 0.41
3290, 0.15
3291, 0.66
3292, 0.98
3293, 0.60
3294, 0.35
3295, 0.15
3296, 0.47
3297, 0.49
3298, 0.49
3299, 0.47
3300, 0.45
3301, 0.49
3302, 0.39
3303, 0.45
3304, 0.51
3305, 0.36
3306, 0.33
3307, 0.52
3308, 0.43
3309, 0.47
3310, 0.98
3311, 0.42
3312, 0.53
3313, 0.98
3314, 0.67
3315, 0.18
3316, 0.44
3317, 0.51
3318, 0.64
3319, 0.21
3320, 0.26
3321, 0.43
3322, 0.46
3323, 0.61
3324, 0.44
3325, 0.26
3326, 0.26
3327, 0.07
3328, 0.57
3329, 0.15
3330, 0.42
3331, 0.49
3332, 0.48
3333, 0.46
3334, 0.47
3335, 0.93
3336, 0.09
3337, 0.39
3338, 0.13
3339, 0.73
3340, 0.97
3341, 0.33
3342, 0.94
3343, 0.10
3344, 0.43
3345, 0.63
3346, 0.59
3347, 0.46
3348, 0.33
3349, 0.60
3350, 0.32
3351, 0.51
3352, 0.11
3353, 0.31
3354, 0.42
3355, 0.10
3356, 0.79
3357, 0.56
3358, 0.07
3359, 0.42
3360, 0.48
3361, 0.49
3362, 0.42
3363, 0.39
3364, 0.47
3365, 0.52
3366, 0.47
3367, 0.45
3368, 0.34
3369, 0.67
3370, 0.45
3371, 0.11
3372, 0.49
3373, 0.47
3374, 0.36
3375, 0.43
3376, 0.30
3377, 0.90
3378, 0.30
3379, 0.40
3380, 0.14
3381, 0.07
3382, 0.18
3383, 0.41
3384, 0.09
3385, 0.51
3386, 0.98
3387, 0.48
3388, 0.37
3389, 0.47
3390, 0.68
3391, 0.45
3392, 0.51
3393, 0.16
3394, 0.37
3395, 0.49
3396, 0.98
3397, 0.42
3398, 0.39
3399, 0.58
3400, 0.92
3401, 0.53
3402, 0.59
3403, 0.45
3404, 0.52
3405, 0.39
3406, 0.49
3407, 0.17
3408, 0.39
3409, 0.16
3410, 0.48
3411, 0.46
3412, 0.94
3413, 0.40
3414, 0.99
3415, 0.47
3416, 0.08
3417, 0.98
3418, 0.40
3419, 0.31
3420, 0.30
3421, 0.09
3422, 0.64
3423, 0.09
3424, 0.54
3425, 0.98
3426, 0.55
3427, 0.49
3428, 0.48
3429, 0.64
3430, 0.50
3431, 0.98
3432, 0.47
3433, 0.47
3434, 0.38
3435, 0.45
3436, 0.46
3437, 0.98
3438, 0.10
3439, 0.10
3440, 0.17
3441, 0.41
3442, 0.08
3443, 0.36
3444, 0.41
3445, 0.45
3446, 0.49
3447, 0.77
3448, 0.44
3449, 0.72
3450, 0.10
3451, 0.52
3452, 0.53
3453, 0.48
3454, 0.98
3455, 0.10
3456, 0.09
3457, 0.97
3458, 0.50
3459, 0.52
3460, 0.54
3461, 0.14
3462, 0.91
3463, 0.97
3464, 0.42
3465, 0.12
3466, 0.49
3467, 0.43
3468, 0.19
3469, 0.54
3470, 0.12
3471, 0.49
3472, 0.31
3473, 0.48
3474, 0.51
3475, 0.80
3476, 0.56
3477, 0.40
3478, 0.53
3479, 0.58
3480, 0.51
3481, 0.33
3482, 0.40
3483, 0.54
3484, 0.11
3485, 0.97
3486, 0.55
3487, 0.49
3488, 0.40
3489, 0.48
3490, 0.88
3491, 0.45
3492, 0.96
3493, 0.45
3494, 0.40
3495, 0.47
3496, 0.18
3497, 0.45
3498, 0.49
3499, 0.53
3500, 0.19
3501, 0.45
3502, 0.47
3503, 0.34
3504, 0.10
3505, 0.59
3506, 0.08
3507, 0.37
3508, 0.46
3509, 0.53
3510, 0.47
3511, 0.48
3512, 0.36
3513, 0.51
3514, 0.54
3515, 0.24
3516, 0.78
3517, 0.42
3518, 0.08
3519, 0.37
3520, 0.54
3521, 0.58
3522, 0.16
3523, 0.44
3524, 0.47
3525, 0.95
3526, 0.39
3527, 0.45
3528, 0.91
3529, 0.38
3530, 0.48
3531, 0.42
3532, 0.47
3533, 0.61
3534, 0.41
3535, 0.55
3536, 0.37
3537, 0.47
3538, 0.46
3539, 0.44
3540, 0.50
3541, 0.97
3542, 0.09
3543, 0.48
3544, 0.08
3545, 0.40
3546, 0.51
3547, 0.50
3548, 0.46
3549, 0.39
3550, 0.45
3551, 0.44
3552, 0.47
3553, 0.51
3554, 0.98
3555, 0.30
3556, 0.50
3557, 0.23
3558, 0.38
3559, 0.47
3560, 0.16
3561, 0.98
3562, 0.46
3563, 0.06
3564, 0.23
3565, 0.10
3566, 0.50
3567, 0.43
3568, 0.12
3569, 0.99
3570, 0.44
3571, 0.56
3572, 0.10
3573, 0.54
3574, 0.98
3575, 0.38
3576, 0.40
3577, 0.37
3578, 0.41
3579, 0.18
3580, 0.42
3581, 0.74
3582, 0.34
3583, 0.54
3584, 0.51
3585, 0.38
3586, 0.96
3587, 0.23
3588, 0.49
3589, 0.56
3590, 0.35
3591, 0.47
3592, 0.59
3593, 0.38
3594, 0.09
3595, 0.97
3596, 0.11
3597, 0.36
3598, 0.41
3599, 0.50
3600, 0.12
3601, 0.34
3602, 0.07
3603, 0.95
3604, 0.38
3605, 0.45
3606, 0.51
3607, 0.09
3608, 0.45
3609, 0.56
3610, 0.61
3611, 0.52
3612, 0.59
3613, 0.38
3614, 0.50
3615, 0.07
3616, 0.98
3617, 0.53
3618, 0.35
3619, 0.13
3620, 0.41
3621, 0.23
3622, 0.37
3623, 0.92
3624, 0.45
3625, 0.97
3626, 0.40
3627, 0.33
3628, 0.39
3629, 0.43
3630, 0.51
3631, 0.98
3632, 0.50
3633, 0.07
3634, 0.47
3635, 0.51
3636, 0.55
3637, 0.45
3638, 0.52
3639, 0.32
3640, 0.48
3641, 0.59
3642, 0.56
3643, 0.98
3644, 0.96
3645, 0.42
3646, 0.98
3647, 0.57
3648, 0.50
3649, 0.45
3650, 0.23
3651, 0.42
3652, 0.43
3653, 0.97
3654, 0.52
3655, 0.97
3656, 0.19
3657, 0.12
3658, 0.52
3659, 0.56
3660, 0.98
3661, 0.80
3662, 0.47
3663, 0.55
3664, 0.37
3665, 0.49
3666, 0.52
3667, 0.55
3668, 0.48
3669, 0.46
3670, 0.33
3671, 0.49
3672, 0.45
3673, 0.51
3674, 0.51
3675, 0.74
3676, 0.28
3677, 0.49
3678, 0.54
3679, 0.62
3680, 0.54
3681, 0.75
3682, 0.12
3683, 0.43
3684, 0.58
3685, 0.65
3686, 0.46
3687, 0.36
3688, 0.50
3689, 0.40
3690, 0.14
3691, 0.26
3692, 0.47
3693, 0.38
3694, 0.98
3695, 0.60
3696, 0.50
3697, 0.55
3698, 0.47
3699, 0.13
3700, 0.94
3701, 0.45
3702, 0.49
3703, 0.40
3704, 0.42
3705, 0.98
3706, 0.49
3707, 0.50
3708, 0.44
3709, 0.38
3710, 0.10
3711, 0.51
3712, 0.31
3713, 0.44
3714, 0.41
3715, 0.50
3716, 0.44
3717, 0.92
3718, 0.14
3719, 0.43
3720, 0.21
3721, 0.90
3722, 0.52
3723, 0.53
3724, 0.66
3725, 0.30
3726, 0.31
3727, 0.97
3728, 0.50
3729, 0.43
3730, 0.53
3731, 0.46
3732, 0.53
3733, 0.48
3734, 0.34
3735, 0.44
3736, 0.50
3737, 0.50
3738, 0.44
3739, 0.54
3740, 0.75
3741, 0.45
3742, 0.35
3743, 0.50
3744, 0.38
3745, 0.79
3746, 0.51
3747, 0.98
3748, 0.35
3749, 0.53
3750, 0.72
3751, 0.41
3752, 0.60
3753, 0.60
3754, 0.98
3755, 0.48
3756, 0.27
3757, 0.50
3758, 0.94
3759, 0.28
3760, 0.18
3761, 0.11
3762, 0.51
3763, 0.77
3764, 0.13
3765, 0.56
3766, 0.39
3767, 0.36
3768, 0.27
3769, 0.98
3770, 0.42
3771, 0.37
3772, 0.58
3773, 0.52
3774, 0.52
3775, 0.54
3776, 0.44
3777, 0.30
3778, 0.35
3779, 0.53
3780, 0.52
3781, 0.69
3782, 0.73
3783, 0.54
3784, 0.41
3785, 0.41
3786, 0.72
3787, 0.50
3788, 0.43
3789, 0.39
3790, 0.43
3791, 0.44
3792, 0.53
3793, 0.50
3794, 0.47
3795, 0.45
3796, 0.53
3797, 0.51
3798, 0.98
3799, 0.33
3800, 0.97
3801, 0.44
3802, 0.43
3803, 0.87
3804, 0.53
3805, 0.45
3806, 0.40
3807, 0.48
3808, 0.52
3809, 0.77
3810, 0.16
3811, 0.39
3812, 0.09
3813, 0.42
3814, 0.48
3815, 0.97
3816, 0.34
3817, 0.12
3818, 0.14
3819, 0.40
3820, 0.42
3821, 0.47
3822, 0.40
3823, 0.52
3824, 0.41
3825, 0.15
3826, 0.46
3827, 0.42
3828, 0.95
3829, 0.35
3830, 0.43
3831, 0.37
3832, 0.11
3833, 0.72
3834, 0.69
3835, 0.07
3836, 0.97
3837, 0.51
3838, 0.18
3839, 0.42
3840, 0.09
3841, 0.27
3842, 0.53
3843, 0.98
3844, 0.14
3845, 0.27
3846, 0.42
3847, 0.57
3848, 0.37
3849, 0.64
3850, 0.67
3851, 0.46
3852, 0.54
3853, 0.44
3854, 0.39
3855, 0.97
3856, 0.66
3857, 0.98
3858, 0.80
3859, 0.50
3860, 0.48
3861, 0.99
3862, 0.09
3863, 0.70
3864, 0.08
3865, 0.49
3866, 0.44
3867, 0.58
3868, 0.12
3869, 0.44
3870, 0.47
3871, 0.38
3872, 0.51
3873, 0.98
3874, 0.48
3875, 0.98
3876, 0.44
3877, 0.51
3878, 0.47
3879, 0.40
3880, 0.53
3881, 0.45
3882, 0.47
3883, 0.44
3884, 0.43
3885, 0.35
3886, 0.14
3887, 0.21
3888, 0.55
3889, 0.52
3890, 0.45
3891, 0.50
3892, 0.10
3893, 0.21
3894, 0.34
3895, 0.42
3896, 0.46
3897, 0.39
3898, 0.59
3899, 0.39
3900, 0.43
3901, 0.55
3902, 0.46
3903, 0.44
3904, 0.97
3905, 0.52
3906, 0.43
3907, 0.66
3908, 0.99
3909, 0.53
3910, 0.45
3911, 0.29
3912, 0.37
3913, 0.45
3914, 0.32
3915, 0.53
3916, 0.08
3917, 0.40
3918, 0.57
3919, 0.47
3920, 0.51
3921, 0.44
3922, 0.52
3923, 0.40
3924, 0.93
3925, 0.46
3926, 0.28
3927, 0.47
3928, 0.98
3929, 0.99
3930, 0.40
3931, 0.53
3932, 0.80
3933, 0.42
3934, 0.44
3935, 0.66
3936, 0.48
3937, 0.23
3938, 0.46
3939, 0.47
3940, 0.56
3941, 0.47
3942, 0.26
3943, 0.48
3944, 0.99
3945, 0.44
3946, 0.45
3947, 0.44
3948, 0.08
3949, 0.98
3950, 0.52
3951, 0.44
3952, 0.98
3953, 0.35
3954, 0.68
3955, 0.12
3956, 0.33
3957, 0.42
3958, 0.47
3959, 0.98
3960, 0.30
3961, 0.57
3962, 0.45
3963, 0.56
3964, 0.39
3965, 0.84
3966, 0.44
3967, 0.36
3968, 0.42
3969, 0.51
3970, 0.48
3971, 0.40
3972, 0.69
3973, 0.45
3974, 0.33
3975, 0.40
3976, 0.51
3977, 0.82
3978, 0.98
3979, 0.39
3980, 0.31
3981, 0.49
3982, 0.42
3983, 0.98
3984, 0.60
3985, 0.73
3986, 0.34
3987, 0.10
3988, 0.98
3989, 0.48
3990, 0.40
3991, 0.44
3992, 0.49
3993, 0.49
3994, 0.51
3995, 0.38
3996, 0.10
3997, 0.44
3998, 0.46
3999, 0.43
4000, 0.49
4001, 0.40
4002, 0.62
4003, 0.99
4004, 0.58
4005, 0.51
4006, 0.12
4007, 0.56
4008, 0.50
4009, 0.85
4010, 0.35
4011, 0.97
4012, 0.43
4013, 0.48
4014, 0.29
4015, 0.67
4016, 0.13
4017, 0.10
4018, 0.50
4019, 0.53
4020, 0.51
4021, 0.54
4022, 0.63
4023, 0.49
4024, 0.50
4025, 0.87
4026, 0.53
4027, 0.45
4028, 0.71
4029, 0.98
4030, 0.52
4031, 0.16
4032, 0.44
4033, 0.50
4034, 0.44
4035, 0.48
4036, 0.58
4037, 0.42
4038, 0.53
4039, 0.91
4040, 0.63
4041, 0.77
4042, 0.44
4043, 0.52
4044, 0.48
4045, 0.42
4046, 0.66
4047, 0.36
4048, 0.49
4049, 0.49
4050, 0.51
4051, 0.41
4052, 0.32
4053, 0.24
4054, 0.59
4055, 0.32
4056, 0.65
4057, 0.77
4058, 0.98
4059, 0.43
4060, 0.59
4061, 0.13
4062, 0.38
4063, 0.28
4064, 0.43
4065, 0.50
4066, 0.96
4067, 0.33
4068, 0.99
4069, 0.73
4070, 0.08
4071, 0.98
4072, 0.48
4073, 0.89
4074, 0.53
4075, 0.54
4076, 0.36
4077, 0.48
4078, 0.98
4079, 0.47
4080, 0.44
4081, 0.63
4082, 0.78
4083, 0.52
4084, 0.55
4085, 0.55
4086, 0.45
4087, 0.89
4088, 0.37
4089, 0.50
4090, 0.98
4091, 0.95
4092, 0.97
4093, 0.74
4094, 0.55
4095, 0.44
4096, 0.60
4097, 0.42
4098, 0.08
4099, 0.35
4100, 0.16
4101, 0.13
4102, 0.52
4103, 0.46
4104, 0.10
4105, 0.42
4106, 0.63
4107, 0.48
4108, 0.96
4109, 0.11
4110, 0.95
4111, 0.93
4112, 0.93
4113, 0.51
4114, 0.40
4115, 0.56
4116, 0.43
4117, 0.54
4118, 0.44
4119, 0.32
4120, 0.61
4121, 0.47
4122, 0.35
4123, 0.13
4124, 0.47
4125, 0.44
4126, 0.35
4127, 0.16
4128, 0.50
4129, 0.72
4130, 0.70
4131, 0.47
4132, 0.51
4133, 0.93
4134, 0.52
4135, 0.49
4136, 0.47
4137, 0.50
4138, 0.71
4139, 0.50
4140, 0.47
4141, 0.94
4142, 0.09
4143, 0.47
4144, 0.24
4145, 0.42
4146, 0.98
4147, 0.46
4148, 0.15
4149, 0.12
4150, 0.52
4151, 0.59
4152, 0.47
4153, 0.54
4154, 0.48
4155, 0.99
4156, 0.31
4157, 0.69
4158, 0.53
4159, 0.49
4160, 0.32
4161, 0.15
4162, 0.11
4163, 0.46
4164, 0.41
4165, 0.99
4166, 0.73
4167, 0.35
4168, 0.46
4169, 0.49
4170, 0.54
4171, 0.46
4172, 0.48
4173, 0.48
4174, 0.11
4175, 0.11
4176, 0.96
4177, 0.98
4178, 0.52
4179, 0.96
4180, 0.52
4181, 0.38
4182, 0.42
4183, 0.50
4184, 0.47
4185, 0.48
4186, 0.51
4187, 0.50
4188, 0.95
4189, 0.50
4190, 0.40
4191, 0.63
4192, 0.40
4193, 0.93
4194, 0.49
4195, 0.34
4196, 0.48
4197, 0.41
4198, 0.48
4199, 0.45
4200, 0.51
4201, 0.09
4202, 0.49
4203, 0.45
4204, 0.50
4205, 0.08
4206, 0.52
4207, 0.27
4208, 0.64
4209, 0.12
4210, 0.41
4211, 0.45
4212, 0.42
4213, 0.98
4214, 0.17
4215, 0.47
4216, 0.98
4217, 0.12
4218, 0.53
4219, 0.94
4220, 0.40
4221, 0.51
4222, 0.50
4223, 0.19
4224, 0.42
4225, 0.45
4226, 0.13
4227, 0.42
4228, 0.47
4229, 0.50
4230, 0.61
4231, 0.47
4232, 0.87
4233, 0.48
4234, 0.47
4235, 0.45
4236, 0.45
4237, 0.72
4238, 0.39
4239, 0.94
4240, 0.50
4241, 0.51
4242, 0.98
4243, 0.47
4244, 0.54
4245, 0.39
4246, 0.41
4247, 0.98
4248, 0.61
4249, 0.48
4250, 0.12
4251, 0.59
4252, 0.94
4253, 0.42
4254, 0.52
4255, 0.46
4256, 0.61
4257, 0.10
4258, 0.46
4259, 0.40
4260, 0.99
4261, 0.98
4262, 0.48
4263, 0.37
4264, 0.42
4265, 0.36
4266, 0.98
4267, 0.43
4268, 0.97
4269, 0.50
4270, 0.55
4271, 0.07
4272, 0.09
4273, 0.47
4274, 0.35
4275, 0.49
4276, 0.59
4277, 0.11
4278, 0.41
4279, 0.47
4280, 0.50
4281, 0.33
4282, 0.90
4283, 0.41
4284, 0.45
4285, 0.97
4286, 0.44
4287, 0.41
4288, 0.55
4289, 0.50
4290, 0.39
4291, 0.33
4292, 0.41
4293, 0.48
4294, 0.65
4295, 0.63
4296, 0.52
4297, 0.43
4298, 0.17
4299, 0.48
4300, 0.33
4301, 0.60
4302, 0.50
4303, 0.48
4304, 0.51
4305, 0.98
4306, 0.79
4307, 0.48
4308, 0.11
4309, 0.41
4310, 0.56
4311, 0.36
4312, 0.41
4313, 0.40
4314, 0.33
4315, 0.50
4316, 0.42
4317, 0.09
4318, 0.47
4319, 0.09
4320, 0.52
4321, 0.98
4322, 0.52
4323, 0.96
4324, 0.43
4325, 0.43
4326, 0.36
4327, 0.47
4328, 0.56
4329, 0.56
4330, 0.43
4331, 0.11
4332, 0.88
4333, 0.96
4334, 0.47
4335, 0.76
4336, 0.50
4337, 0.09
4338, 0.73
4339, 0.95
4340, 0.97
4341, 0.60
4342, 0.52
4343, 0.25
4344, 0.45
4345, 0.52
4346, 0.45
4347, 0.38
4348, 0.23
4349, 0.46
4350, 0.51
4351, 0.50
4352, 0.13
4353, 0.98
4354, 0.34
4355, 0.46
4356, 0.29
4357, 0.52
4358, 0.61
4359, 0.50
4360, 0.40
4361, 0.45
4362, 0.50
4363, 0.98
4364, 0.35
4365, 0.92
4366, 0.44
4367, 0.98
4368, 0.98
4369, 0.55
4370, 0.44
4371, 0.31
4372, 0.49
4373, 0.13
4374, 0.49
4375, 0.35
4376, 0.50
4377, 0.47
4378, 0.19
4379, 0.46
4380, 0.63
4381, 0.53
4382, 0.44
4383, 0.45
4384, 0.51
4385, 0.42
4386, 0.50
4387, 0.70
4388, 0.98
4389, 0.77
4390, 0.14
4391, 0.28
4392, 0.46
4393, 0.09
4394, 0.27
4395, 0.50
4396, 0.62
4397, 0.55
4398, 0.37
4399, 0.40
4400, 0.98
4401, 0.37
4402, 0.47
4403, 0.46
4404, 0.46
4405, 0.46
4406, 0.37
4407, 0.16
4408, 0.94
4409, 0.06
4410, 0.52
4411, 0.44
4412, 0.53
4413, 0.77
4414, 0.27
4415, 0.08
4416, 0.58
4417, 0.44
4418, 0.06
4419, 0.45
4420, 0.51
4421, 0.10
4422, 0.43
4423, 0.48
4424, 0.98
4425, 0.47
4426, 0.39
4427, 0.37
4428, 0.11
4429, 0.66
4430, 0.48
4431, 0.37
4432, 0.65
4433, 0.51
4434, 0.42
4435, 0.48
4436, 0.44
4437, 0.49
4438, 0.47
4439, 0.93
4440, 0.98
4441, 0.40
4442, 0.45
4443, 0.50
4444, 0.07
4445, 0.37
4446, 0.46
4447, 0.97
4448, 0.56
4449, 0.48
4450, 0.50
4451, 0.39
4452, 0.28
4453, 0.56
4454, 0.42
4455, 0.32
4456, 0.30
4457, 0.50
4458, 0.99
4459, 0.50
4460, 0.44
4461, 0.49
4462, 0.12
4463, 0.12
4464, 0.15
4465, 0.50
4466, 0.35
4467, 0.31
4468, 0.43
4469, 0.70
4470, 0.74
4471, 0.12
4472, 0.39
4473, 0.42
4474, 0.32
4475, 0.54
4476, 0.98
4477, 0.32
4478, 0.91
4479, 0.46
4480, 0.61
4481, 0.58
4482, 0.48
4483, 0.52
4484, 0.50
4485, 0.23
4486, 0.48
4487, 0.51
4488, 0.59
4489, 0.49
4490, 0.16
4491, 0.55
4492, 0.41
4493, 0.50
4494, 0.25
4495, 0.98
4496, 0.49
4497, 0.44
4498, 0.95
4499, 0.19
4500, 0.07
4501, 0.93
4502, 0.95
4503, 0.44
4504, 0.63
4505, 0.78
4506, 0.33
4507, 0.50
4508, 0.53
4509, 0.47
4510, 0.44
4511, 0.51
4512, 0.58
4513, 0.41
4514, 0.56
4515, 0.44
4516, 0.49
4517, 0.78
4518, 0.52
4519, 0.49
4520, 0.37
4521, 0.10
4522, 0.46
4523, 0.98
4524, 0.44
4525, 0.14
4526, 0.13
4527, 0.98
4528, 0.51
4529, 0.53
4530, 0.29
4531, 0.50
4532, 0.50
4533, 0.40
4534, 0.98
4535, 0.60
4536, 0.49
4537, 0.99
4538, 0.43
4539, 0.12
4540, 0.49
4541, 0.54
4542, 0.11
4543, 0.36
4544, 0.38
4545, 0.98
4546, 0.40
4547, 0.39
4548, 0.56
4549, 0.34
4550, 0.45
4551, 0.41
4552, 0.36
4553, 0.94
4554, 0.54
4555, 0.49
4556, 0.58
4557, 0.45
4558, 0.45
4559, 0.49
4560, 0.49
4561, 0.50
4562, 0.62
4563, 0.98
4564, 0.98
4565, 0.58
4566, 0.49
4567, 0.57
4568, 0.83
4569, 0.52
4570, 0.07
4571, 0.44
4572, 0.46
4573, 0.53
4574, 0.33
4575, 0.90
4576, 0.93
4577, 0.39
4578, 0.38
4579, 0.50
4580, 0.07
4581, 0.95
4582, 0.87
4583, 0.58
4584, 0.46
4585, 0.99
4586, 0.44
4587, 0.99
4588, 0.61
4589, 0.37
4590, 0.17
4591, 0.39
4592, 0.62
4593, 0.30
4594, 0.40
4595, 0.97
4596, 0.48
4597, 0.41
4598, 0.48
4599, 0.45
4600, 0.45
4601, 0.07
4602, 0.55
4603, 0.41
4604, 0.40
4605, 0.48
4606, 0.42
4607, 0.12
4608, 0.48
4609, 0.46
4610, 0.29
4611, 0.48
4612, 0.50
4613, 0.19
4614, 0.46
4615, 0.10
4616, 0.48
4617, 0.77
4618, 0.97
4619, 0.13
4620, 0.51
4621, 0.34
4622, 0.96
4623, 0.98
4624, 0.49
4625, 0.54
4626, 0.97
4627, 0.10
4628, 0.10
4629, 0.86
4630, 0.47
4631, 0.37
4632, 0.49
4633, 0.45
4634, 0.59
4635, 0.39
4636, 0.99
4637, 0.65
4638, 0.48
4639, 0.98
4640, 0.98
4641, 0.41
4642, 0.14
4643, 0.75
4644, 0.50
4645, 0.22
4646, 0.42
4647, 0.46
4648, 0.45
4649, 0.76
4650, 0.13
4651, 0.74
4652, 0.47
4653, 0.42
4654, 0.55
4655, 0.47
4656, 0.97
4657, 0.40
4658, 0.48
4659, 0.09
4660, 0.42
4661, 0.51
4662, 0.78
4663, 0.29
4664, 0.97
4665, 0.44
4666, 0.50
4667, 0.98
4668, 0.43
4669, 0.57
4670, 0.43
4671, 0.50
4672, 0.52
4673, 0.10
4674, 0.91
4675, 0.40
4676, 0.10
4677, 0.49
4678, 0.11
4679, 0.10
4680, 0.36
4681, 0.34
4682, 0.96
4683, 0.97
4684, 0.98
4685, 0.50
4686, 0.06
4687, 0.38
4688, 0.39
4689, 0.54
4690, 0.95
4691, 0.42
4692, 0.51
4693, 0.81
4694, 0.43
4695, 0.47
4696, 0.07
4697, 0.37
4698, 0.12
4699, 0.52
4700, 0.78
4701, 0.88
4702, 0.45
4703, 0.51
4704, 0.20
4705, 0.48
4706, 0.46
4707, 0.63
4708, 0.97
4709, 0.82
4710, 0.46
4711, 0.43
4712, 0.12
4713, 0.55
4714, 0.34
4715, 0.37
4716, 0.68
4717, 0.42
4718, 0.96
4719, 0.84
4720, 0.44
4721, 0.59
4722, 0.47
4723, 0.53
4724, 0.46
4725, 0.09
4726, 0.35
4727, 0.49
4728, 0.58
4729, 0.42
4730, 0.48
4731, 0.49
4732, 0.41
4733, 0.43
4734, 0.52
4735, 0.51
4736, 0.42
4737, 0.46
4738, 0.66
4739, 0.51
4740, 0.33
4741, 0.44
4742, 0.52
4743, 0.66
4744, 0.78
4745, 0.39
4746, 0.64
4747, 0.73
4748, 0.48
4749, 0.99
4750, 0.50
4751, 0.46
4752, 0.45
4753, 0.36
4754, 0.66
4755, 0.92
4756, 0.39
4757, 0.54
4758, 0.74
4759, 0.43
4760, 0.54
4761, 0.38
4762, 0.99
4763, 0.09
4764, 0.07
4765, 0.40
4766, 0.35
4767, 0.43
4768, 0.50
4769, 0.58
4770, 0.49
4771, 0.98
4772, 0.44
4773, 0.55
4774, 0.60
4775, 0.44
4776, 0.55
4777, 0.39
4778, 0.80
4779, 0.48
4780, 0.51
4781, 0.97
4782, 0.43
4783, 0.94
4784, 0.78
4785, 0.95
4786, 0.59
4787, 0.97
4788, 0.34
4789, 0.46
4790, 0.55
4791, 0.55
4792, 0.53
4793, 0.41
4794, 0.14
4795, 0.99
4796, 0.33
4797, 0.53
4798, 0.43
4799, 0.38
4800, 0.43
4801, 0.33
4802, 0.17
4803, 0.33
4804, 0.51
4805, 0.45
4806, 0.50
4807, 0.41
4808, 0.53
4809, 0.42
4810, 0.71
4811, 0.44
4812, 0.40
4813, 0.42
4814, 0.10
4815, 0.50
4816, 0.43
4817, 0.50
4818, 0.42
4819, 0.39
4820, 0.97
4821, 0.39
4822, 0.12
4823, 0.26
4824, 0.50
4825, 0.12
4826, 0.44
4827, 0.46
4828, 0.41
4829, 0.46
4830, 0.55
4831, 0.49
4832, 0.18
4833, 0.96
4834, 0.34
4835, 0.42
4836, 0.98
4837, 0.16
4838, 0.28
4839, 0.08
4840, 0.39
4841, 0.53
4842, 0.21
4843, 0.49
4844, 0.56
4845, 0.57
4846, 0.94
4847, 0.41
4848, 0.98
4849, 0.43
4850, 0.73
4851, 0.10
4852, 0.82
4853, 0.44
4854, 0.14
4855, 0.31
4856, 0.08
4857, 0.63
4858, 0.50
4859, 0.29
4860, 0.75
4861, 0.20
4862, 0.58
4863, 0.45
4864, 0.74
4865, 0.19
4866, 0.95
4867, 0.50
4868, 0.11
4869, 0.48
4870, 0.43
4871, 0.98
4872, 0.57
4873, 0.77
4874, 0.36
4875, 0.46
4876, 0.45
4877, 0.96
4878, 0.50
4879, 0.40
4880, 0.48
4881, 0.48
4882, 0.93
4883, 0.98
4884, 0.36
4885, 0.31
4886, 0.52
4887, 0.51
4888, 0.37
4889, 0.54
4890, 0.42
4891, 0.58
4892, 0.07
4893, 0.09
4894, 0.12
4895, 0.51
4896, 0.51
4897, 0.49
4898, 0.43
4899, 0.50
4900, 0.63
4901, 0.44
4902, 0.49
4903, 0.47
4904, 0.48
4905, 0.48
4906, 0.89
4907, 0.71
4908, 0.08
4909, 0.48
4910, 0.47
4911, 0.59
4912, 0.98
4913, 0.45
4914, 0.45
4915, 0.99
4916, 0.98
4917, 0.47
4918, 0.51
4919, 0.33
4920, 0.30
4921, 0.30
4922, 0.12
4923, 0.99
4924, 0.51
4925, 0.52
4926, 0.28
4927, 0.72
4928, 0.55
4929, 0.98
4930, 0.97
4931, 0.50
4932, 0.40
4933, 0.27
4934, 0.38
4935, 0.44
4936, 0.40
4937, 0.84
4938, 0.54
4939, 0.38
4940, 0.68
4941, 0.62
4942, 0.45
4943, 0.46
4944, 0.99
4945, 0.44
4946, 0.39
4947, 0.45
4948, 0.17
4949, 0.47
4950, 0.53
4951, 0.50
4952, 0.52
4953, 0.49
4954, 0.18
4955, 0.45
4956, 0.52
4957, 0.49
4958, 0.34
4959, 0.40
4960, 0.47
4961, 0.98
4962, 0.29
4963, 0.35
4964, 0.54
4965, 0.49
4966, 0.51
4967, 0.40
4968, 0.45
4969, 0.97
4970, 0.27
4971, 0.55
4972, 0.34
4973, 0.42
4974, 0.53
4975, 0.53
4976, 0.27
4977, 0.49
4978, 0.33
4979, 0.40
4980, 0.53
4981, 0.35
4982, 0.38
4983, 0.74
4984, 0.45
4985, 0.52
4986, 0.49
4987, 0.50
4988, 0.96
4989, 0.48
4990, 0.08
4991, 0.57
4992, 0.21
4993, 0.61
4994, 0.43
4995, 0.52
4996, 0.31
4997, 0.15
4998, 0.38
4999, 0.54
5000, 0.95
5001, 0.09
5002, 0.51
5003, 0.57
5004, 0.17
5005, 0.34
5006, 0.62
5007, 0.39
5008, 0.50
5009, 0.31
5010, 0.48
5011, 0.13
5012, 0.43
5013, 0.44
5014, 0.97
5015, 0.28
5016, 0.48
5017, 0.45
5018, 0.74
5019, 0.53
5020, 0.56
5021, 0.07
5022, 0.65
5023, 0.94
5024, 0.43
5025, 0.52
5026, 0.47
5027, 0.64
5028, 0.48
5029, 0.13
5030, 0.40
5031, 0.43
5032, 0.43
5033, 0.53
5034, 0.13
5035, 0.45
5036, 0.46
5037, 0.32
5038, 0.58
5039, 0.39
5040, 0.51
5041, 0.45
5042, 0.94
5043, 0.10
5044, 0.56
5045, 0.43
5046, 0.42
5047, 0.44
5048, 0.48
5049, 0.43
5050, 0.51
5051, 0.37
5052, 0.39
5053, 0.97
5054, 0.47
5055, 0.47
5056, 0.40
5057, 0.11
5058, 0.36
5059, 0.97
5060, 0.99
5061, 0.32
5062, 0.55
5063, 0.50
5064, 0.44
5065, 0.13
5066, 0.36
5067, 0.57
5068, 0.66
5069, 0.50
5070, 0.53
5071, 0.54
5072, 0.50
5073, 0.76
5074, 0.29
5075, 0.44
5076, 0.43
5077, 0.39
5078, 0.95
5079, 0.97
5080, 0.51
5081, 0.32
5082, 0.35
5083, 0.63
5084, 0.50
5085, 0.99
5086, 0.47
5087, 0.47
5088, 0.79
5089, 0.97
5090, 0.69
5091, 0.45
5092, 0.45
5093, 0.29
5094, 0.08
5095, 0.50
5096, 0.39
5097, 0.30
5098, 0.38
5099, 0.51
5100, 0.62
5101, 0.56
5102, 0.16
5103, 0.51
5104, 0.46
5105, 0.49
5106, 0.42
5107, 0.51
5108, 0.40
5109, 0.95
5110, 0.06
5111, 0.48
5112, 0.33
5113, 0.18
5114, 0.34
5115, 0.43
5116, 0.40
5117, 0.98
5118, 0.48
5119, 0.46
5120, 0.79
5121, 0.59
5122, 0.41
5123, 0.43
5124, 0.47
5125, 0.95
5126, 0.47
5127, 0.10
5128, 0.45
5129, 0.49
5130, 0.45
5131, 0.08
5132, 0.33
5133, 0.55
5134, 0.50
5135, 0.62
5136, 0.36
5137, 0.44
5138, 0.60
5139, 0.37
5140, 0.95
5141, 0.45
5142, 0.98
5143, 0.42
5144, 0.23
5145, 0.78
5146, 0.70
5147, 0.46
5148, 0.49
5149, 0.42
5150, 0.50
5151, 0.48
5152, 0.10
5153, 0.55
5154, 0.12
5155, 0.31
5156, 0.09
5157, 0.51
5158, 0.50
5159, 0.78
5160, 0.25
5161, 0.60
5162, 0.66
5163, 0.44
5164, 0.59
5165, 0.53
5166, 0.37
5167, 0.43
5168, 0.42
5169, 0.50
5170, 0.59
5171, 0.51
5172, 0.37
5173, 0.38
5174, 0.58
5175, 0.09
5176, 0.98
5177, 0.59
5178, 0.51
5179, 0.36
5180, 0.76
5181, 0.97
5182, 0.27
5183, 0.43
5184, 0.98
5185, 0.99
5186, 0.47
5187, 0.25
5188, 0.09
5189, 0.39
5190, 0.46
5191, 0.34
5192, 0.49
5193, 0.41
5194, 0.53
5195, 0.99
5196, 0.51
5197, 0.20
5198, 0.51
5199, 0.50
5200, 0.98
5201, 0.39
5202, 0.43
5203, 0.49
5204, 0.34
5205, 0.55
5206, 0.44
5207, 0.93
5208, 0.43
5209, 0.40
5210, 0.44
5211, 0.41
5212, 0.47
5213, 0.94
5214, 0.41
5215, 0.27
5216, 0.12
5217, 0.45
5218, 0.27
5219, 0.44
5220, 0.50
5221, 0.10
5222, 0.26
5223, 0.46
5224, 0.51
5225, 0.48
5226, 0.46
5227, 0.14
5228, 0.46
5229, 0.12
5230, 0.36
5231, 0.56
5232, 0.71
5233, 0.51
5234, 0.13
5235, 0.67
5236, 0.43
5237, 0.50
5238, 0.32
5239, 0.44
5240, 0.56
5241, 0.69
5242, 0.14
5243, 0.42
5244, 0.99
5245, 0.18
5246, 0.98
5247, 0.69
5248, 0.52
5249, 0.44
5250, 0.51
5251, 0.44
5252, 0.53
5253, 0.13
5254, 0.09
5255, 0.39
5256, 0.56
5257, 0.07
5258, 0.51
5259, 0.52
5260, 0.54
5261, 0.98
5262, 0.53
5263, 0.82
5264, 0.47
5265, 0.40
5266, 0.45
5267, 0.98
5268, 0.07
5269, 0.51
5270, 0.58
5271, 0.46
5272, 0.98
5273, 0.50
5274, 0.53
5275, 0.46
5276, 0.46
5277, 0.40
5278, 0.39
5279, 0.60
5280, 0.45
5281, 0.98
5282, 0.39
5283, 0.98
5284, 0.56
5285, 0.47
5286, 0.11
5287, 0.52
5288, 0.91
5289, 0.77
5290, 0.50
5291, 0.97
5292, 0.40
5293, 0.47
5294, 0.07
5295, 0.13
5296, 0.18
5297, 0.54
5298, 0.42
5299, 0.98
5300, 0.52
5301, 0.51
5302, 0.68
5303, 0.31
5304, 0.49
5305, 0.45
5306, 0.45
5307, 0.49
5308, 0.89
5309, 0.56
5310, 0.47
5311, 0.30
5312, 0.46
5313, 0.47
5314, 0.71
5315, 0.96
5316, 0.45
5317, 0.08
5318, 0.41
5319, 0.81
5320, 0.92
5321, 0.46
5322, 0.54
5323, 0.36
5324, 0.50
5325, 0.48
5326, 0.40
5327, 0.65
5328, 0.54
5329, 0.15
5330, 0.48
5331, 0.47
5332, 0.07
5333, 0.43
5334, 0.40
5335, 0.43
5336, 0.51
5337, 0.46
5338, 0.37
5339, 0.10
5340, 0.07
5341, 0.53
5342, 0.51
5343, 0.45
5344, 0.43
5345, 0.50
5346, 0.43
5347, 0.50
5348, 0.81
5349, 0.48
5350, 0.50
5351, 0.64
5352, 0.62
5353, 0.46
5354, 0.40
5355, 0.97
5356, 0.98
5357, 0.51
5358, 0.57
5359, 0.29
5360, 0.40
5361, 0.35
5362, 0.58
5363, 0.41
5364, 0.39
5365, 0.51
5366, 0.54
5367, 0.98
5368, 0.42
5369, 0.50
5370, 0.98
5371, 0.53
5372, 0.16
5373, 0.42
5374, 0.40
5375, 0.76
5376, 0.10
5377, 0.78
5378, 0.56
5379, 0.35
5380, 0.51
5381, 0.12
5382, 0.34
5383, 0.48
5384, 0.49
5385, 0.45
5386, 0.44
5387, 0.34
5388, 0.18
5389, 0.45
5390, 0.30
5391, 0.46
5392, 0.44
5393, 0.86
5394, 0.51
5395, 0.44
5396, 0.99
5397, 0.45
5398, 0.48
5399, 0.49
5400, 0.47
5401, 0.07
5402, 0.44
5403, 0.39
5404, 0.30
5405, 0.20
5406, 0.71
5407, 0.16
5408, 0.47
5409, 0.49
5410, 0.26
5411, 0.21
5412, 0.97
5413, 0.40
5414, 0.88
5415, 0.42
5416, 0.54
5417, 0.62
5418, 0.08
5419, 0.98
5420, 0.42
5421, 0.46
5422, 0.42
5423, 0.69
5424, 0.15
5425, 0.56
5426, 0.53
5427, 0.43
5428, 0.48
5429, 0.60
5430, 0.40
5431, 0.47
5432, 0.58
5433, 0.48
5434, 0.97
5435, 0.47
5436, 0.50
5437, 0.58
5438, 0.56
5439, 0.64
5440, 0.26
5441, 0.93
5442, 0.69
5443, 0.43
5444, 0.47
5445, 0.43
5446, 0.92
5447, 0.70
5448, 0.52
5449, 0.45
5450, 0.16
5451, 0.37
5452, 0.43
5453, 0.74
5454, 0.56
5455, 0.97
5456, 0.51
5457, 0.94
5458, 0.77
5459, 0.98
5460, 0.48
5461, 0.51
5462, 0.42
5463, 0.55
5464, 0.59
5465, 0.48
5466, 0.47
5467, 0.40
5468, 0.33
5469, 0.37
5470, 0.33
5471, 0.43
5472, 0.64
5473, 0.39
5474, 0.41
5475, 0.39
5476, 0.48
5477, 0.55
5478, 0.53
5479, 0.94
5480, 0.42
5481, 0.64
5482, 0.34
5483, 0.48
5484, 0.50
5485, 0.10
5486, 0.76
5487, 0.98
5488, 0.07
5489, 0.46
5490, 0.95
5491, 0.46
5492, 0.50
5493, 0.48
5494, 0.67
5495, 0.56
5496, 0.98
5497, 0.48
5498, 0.49
5499, 0.39
5500, 0.97
5501, 0.48
5502, 0.48
5503, 0.57
5504, 0.47
5505, 0.55
5506, 0.54
5507, 0.68
5508, 0.51
5509, 0.46
5510, 0.82
5511, 0.45
5512, 0.48
5513, 0.58
5514, 0.97
5515, 0.45
5516, 0.54
5517, 0.64
5518, 0.18
5519, 0.49
5520, 0.73
5521, 0.38
5522, 0.37
5523, 0.54
5524, 0.98
5525, 0.48
5526, 0.45
5527, 0.50
5528, 0.10
5529, 0.52
5530, 0.07
5531, 0.39
5532, 0.50
5533, 0.56
5534, 0.45
5535, 0.49
5536, 0.38
5537, 0.68
5538, 0.98
5539, 0.57
5540, 0.14
5541, 0.18
5542, 0.98
5543, 0.27
5544, 0.98
5545, 0.11
5546, 0.53
5547, 0.40
5548, 0.41
5549, 0.32
5550, 0.34
5551, 0.46
5552, 0.44
5553, 0.26
5554, 0.97
5555, 0.72
5556, 0.45
5557, 0.32
5558, 0.56
5559, 0.45
5560, 0.52
5561, 0.09
5562, 0.61
5563, 0.49
5564, 0.48
5565, 0.35
5566, 0.10
5567, 0.07
5568, 0.46
5569, 0.43
5570, 0.34
5571, 0.60
5572, 0.94
5573, 0.98
5574, 0.51
5575, 0.51
5576, 0.26
5577, 0.14
5578, 0.76
5579, 0.14
5580, 0.51
5581, 0.44
5582, 0.40
5583, 0.63
5584, 0.48
5585, 0.59
5586, 0.50
5587, 0.13
5588, 0.36
5589, 0.74
5590, 0.45
5591, 0.58
5592, 0.41
5593, 0.37
5594, 0.95
5595, 0.52
5596, 0.36
5597, 0.30
5598, 0.60
5599, 0.98
5600, 0.52
5601, 0.48
5602, 0.54
5603, 0.50
5604, 0.41
5605, 0.94
5606, 0.18
5607, 0.53
5608, 0.12
5609, 0.37
5610, 0.27
5611, 0.73
5612, 0.64
5613, 0.09
5614, 0.55
5615, 0.09
5616, 0.13
5617, 0.47
5618, 0.41
5619, 0.46
5620, 0.37
5621, 0.98
5622, 0.15
5623, 0.43
5624, 0.50
5625, 0.45
5626, 0.32
5627, 0.49
5628, 0.39
5629, 0.42
5630, 0.45
5631, 0.50
5632, 0.51
5633, 0.96
5634, 0.43
5635, 0.97
5636, 0.08
5637, 0.22
5638, 0.48
5639, 0.45
5640, 0.49
5641, 0.45
5642, 0.60
5643, 0.51
5644, 0.98
5645, 0.11
5646, 0.27
5647, 0.12
5648, 0.32
5649, 0.44
5650, 0.59
5651, 0.43
5652, 0.49
5653, 0.11
5654, 0.10
5655, 0.48
5656, 0.47
5657, 0.48
5658, 0.99
5659, 0.41
5660, 0.96
5661, 0.17
5662, 0.96
5663, 0.46
5664, 0.52
5665, 0.49
5666, 0.58
5667, 0.76
5668, 0.38
5669, 0.40
5670, 0.50
5671, 0.57
5672, 0.80
5673, 0.10
5674, 0.36
5675, 0.98
5676, 0.53
5677, 0.43
5678, 0.49
5679, 0.51
5680, 0.09
5681, 0.08
5682, 0.39
5683, 0.52
5684, 0.98
5685, 0.64
5686, 0.40
5687, 0.90
5688, 0.59
5689, 0.42
5690, 0.08
5691, 0.51
5692, 0.54
5693, 0.48
5694, 0.45
5695, 0.17
5696, 0.09
5697, 0.48
5698, 0.48
5699, 0.45
5700, 0.07
5701, 0.98
5702, 0.39
5703, 0.98
5704, 0.97
5705, 0.91
5706, 0.84
5707, 0.14
5708, 0.47
5709, 0.57
5710, 0.60
5711, 0.29
5712, 0.53
5713, 0.39
5714, 0.48
5715, 0.54
5716, 0.64
5717, 0.43
5718, 0.47
5719, 0.07
5720, 0.55
5721, 0.46
5722, 0.41
5723, 0.48
5724, 0.41
5725, 0.47
5726, 0.53
5727, 0.08
5728, 0.44
5729, 0.31
5730, 0.60
5731, 0.49
5732, 0.42
5733, 0.95
5734, 0.52
5735, 0.41
5736, 0.94
5737, 0.51
5738, 0.47
5739, 0.87
5740, 0.13
5741, 0.51
5742, 0.46
5743, 0.51
5744, 0.10
5745, 0.80
5746, 0.66
5747, 0.65
5748, 0.47
5749, 0.97
5750, 0.48
5751, 0.96
5752, 0.54
5753, 0.44
5754, 0.51
5755, 0.50
5756, 0.95
5757, 0.35
5758, 0.50
5759, 0.47
5760, 0.11
5761, 0.43
5762, 0.50
5763, 0.47
5764, 0.39
5765, 0.50
5766, 0.42
5767, 0.45
5768, 0.54
5769, 0.99
5770, 0.76
5771, 0.39
5772, 0.54
5773, 0.62
5774, 0.55
5775, 0.43
5776, 0.38
5777, 0.49
5778, 0.07
5779, 0.41
5780, 0.51
5781, 0.45
5782, 0.41
5783, 0.50
5784, 0.40
5785, 0.52
5786, 0.94
5787, 0.50
5788, 0.70
5789, 0.08
5790, 0.90
5791, 0.33
5792, 0.40
5793, 0.53
5794, 0.11
5795, 0.30
5796, 0.22
5797, 0.37
5798, 0.57
5799, 0.48
5800, 0.10
5801, 0.09
5802, 0.58
5803, 0.14
5804, 0.70
5805, 0.99
5806, 0.51
5807, 0.49
5808, 0.11
5809, 0.39
5810, 0.78
5811, 0.45
5812, 0.36
5813, 0.56
5814, 0.51
5815, 0.11
5816, 0.46
5817, 0.24
5818, 0.97
5819, 0.65
5820, 0.50
5821, 0.67
5822, 0.31
5823, 0.40
5824, 0.82
5825, 0.66
5826, 0.93
5827, 0.49
5828, 0.43
5829, 0.56
5830, 0.46
5831, 0.47
5832, 0.62
5833, 0.48
5834, 0.48
5835, 0.11
5836, 0.13
5837, 0.63
5838, 0.52
5839, 0.67
5840, 0.12
5841, 0.45
5842, 0.59
5843, 0.98
5844, 0.50
5845, 0.98
5846, 0.65
5847, 0.26
5848, 0.47
5849, 0.32
5850, 0.29
5851, 0.39
5852, 0.48
5853, 0.36
5854, 0.12
5855, 0.53
5856, 0.42
5857, 0.56
5858, 0.42
5859, 0.35
5860, 0.49
5861, 0.15
5862, 0.45
5863, 0.63
5864, 0.98
5865, 0.54
5866, 0.46
5867, 0.99
5868, 0.41
5869, 0.34
5870, 0.14
5871, 0.51
5872, 0.40
5873, 0.57
5874, 0.41
5875, 0.44
5876, 0.07
5877, 0.90
5878, 0.56
5879, 0.42
5880, 0.57
5881, 0.28
5882, 0.21
5883, 0.96
5884, 0.97
5885, 0.50
5886, 0.48
5887, 0.47
5888, 0.63
5889, 0.41
5890, 0.62
5891, 0.38
5892, 0.42
5893, 0.41
5894, 0.51
5895, 0.46
5896, 0.63
5897, 0.56
5898, 0.55
5899, 0.29
5900, 0.52
5901, 0.36
5902, 0.53
5903, 0.53
5904, 0.14
5905, 0.26
5906, 0.49
5907, 0.48
5908, 0.38
5909, 0.35
5910, 0.97
5911, 0.09
5912, 0.43
5913, 0.98
5914, 0.44
5915, 0.24
5916, 0.31
5917, 0.52
5918, 0.24
5919, 0.67
5920, 0.47
5921, 0.56
5922, 0.48
5923, 0.97
5924, 0.13
5925, 0.46
5926, 0.57
5927, 0.11
5928, 0.48
5929, 0.51
5930, 0.52
5931, 0.46
5932, 0.46
5933, 0.98
5934, 0.41
5935, 0.15
5936, 0.08
5937, 0.56
5938, 0.50
5939, 0.36
5940, 0.12
5941, 0.98
5942, 0.38
5943, 0.33
5944, 0.77
5945, 0.95
5946, 0.43
5947, 0.49
5948, 0.43
5949, 0.57
5950, 0.16
5951, 0.50
5952, 0.44
5953, 0.12
5954, 0.50
5955, 0.47
5956, 0.48
5957, 0.30
5958, 0.37
5959, 0.46
5960, 0.32
5961, 0.62
5962, 0.48
5963, 0.79
5964, 0.64
5965, 0.53
5966, 0.55
5967, 0.42
5968, 0.35
5969, 0.41
5970, 0.49
5971, 0.46
5972, 0.89
5973, 0.40
5974, 0.44
5975, 0.46
5976, 0.07
5977, 0.10
5978, 0.51
5979, 0.46
5980, 0.53
5981, 0.53
5982, 0.52
5983, 0.49
5984, 0.33
5985, 0.47
5986, 0.62
5987, 0.39
5988, 0.94
5989, 0.49
5990, 0.98
5991, 0.98
5992, 0.57
5993, 0.47
5994, 0.48
5995, 0.98
5996, 0.43
5997, 0.46
5998, 0.52
5999, 0.52
6000, 0.99
6001, 0.47
6002, 0.98
6003, 0.80
6004, 0.36
6005, 0.49
6006, 0.21
6007, 0.35
6008, 0.52
6009, 0.55
6010, 0.40
6011, 0.40
6012, 0.41
6013, 0.46
6014, 0.47
6015, 0.52
6016, 0.49
6017, 0.53
6018, 0.52
6019, 0.51
6020, 0.50
6021, 0.34
6022, 0.16
6023, 0.55
6024, 0.49
6025, 0.47
6026, 0.34
6027, 0.97
6028, 0.53
6029, 0.45
6030, 0.75
6031, 0.42
6032, 0.98
6033, 0.41
6034, 0.52
6035, 0.41
6036, 0.96
6037, 0.48
6038, 0.64
6039, 0.45
6040, 0.50
6041, 0.20
6042, 0.49
6043, 0.66
6044, 0.58
6045, 0.13
6046, 0.79
6047, 0.98
6048, 0.59
6049, 0.27
6050, 0.98
6051, 0.48
6052, 0.52
6053, 0.61
6054, 0.51
6055, 0.65
6056, 0.44
6057, 0.50
6058, 0.95
6059, 0.50
6060, 0.67
6061, 0.52
6062, 0.48
6063, 0.34
6064, 0.48
6065, 0.51
6066, 0.50
6067, 0.48
6068, 0.43
6069, 0.47
6070, 0.51
6071, 0.97
6072, 0.39
6073, 0.97
6074, 0.45
6075, 0.38
6076, 0.38
6077, 0.45
6078, 0.57
6079, 0.09
6080, 0.30
6081, 0.48
6082, 0.61
6083, 0.63
6084, 0.48
6085, 0.48
6086, 0.43
6087, 0.44
6088, 0.49
6089, 0.44
6090, 0.43
6091, 0.66
6092, 0.16
6093, 0.81
6094, 0.46
6095, 0.19
6096, 0.49
6097, 0.49
6098, 0.49
6099, 0.51
6100, 0.66
6101, 0.42
6102, 0.37
6103, 0.97
6104, 0.10
6105, 0.30
6106, 0.71
6107, 0.46
6108, 0.37
6109, 0.41
6110, 0.41
6111, 0.53
6112, 0.12
6113, 0.47
6114, 0.49
6115, 0.62
6116, 0.48
6117, 0.57
6118, 0.45
6119, 0.46
6120, 0.29
6121, 0.95
6122, 0.11
6123, 0.11
6124, 0.43
6125, 0.52
6126, 0.55
6127, 0.46
6128, 0.52
6129, 0.35
6130, 0.36
6131, 0.97
6132, 0.43
6133, 0.54
6134, 0.33
6135, 0.48
6136, 0.47
6137, 0.58
6138, 0.43
6139, 0.92
6140, 0.56
6141, 0.96
6142, 0.95
6143, 0.40
6144, 0.44
6145, 0.46
6146, 0.57
6147, 0.33
6148, 0.51
6149, 0.36
6150, 0.58
6151, 0.49
6152, 0.45
6153, 0.67
6154, 0.98
6155, 0.09
6156, 0.08
6157, 0.62
6158, 0.41
6159, 0.11
6160, 0.37
6161, 0.08
6162, 0.56
6163, 0.48
6164, 0.45
6165, 0.51
6166, 0.49
6167, 0.43
6168, 0.50
6169, 0.43
6170, 0.50
6171, 0.98
6172, 0.49
6173, 0.75
6174, 0.40
6175, 0.60
6176, 0.39
6177, 0.53
6178, 0.09
6179, 0.45
6180, 0.55
6181, 0.18
6182, 0.98
6183, 0.47
6184, 0.47
6185, 0.61
6186, 0.56
6187, 0.54
6188, 0.48
6189, 0.96
6190, 0.67
6191, 0.47
6192, 0.49
6193, 0.96
6194, 0.11
6195, 0.49
6196, 0.60
6197, 0.98
6198, 0.42
6199, 0.59
6200, 0.49
6201, 0.66
6202, 0.31
6203, 0.08
6204, 0.98
6205, 0.39
6206, 0.75
6207, 0.44
6208, 0.46
6209, 0.14
6210, 0.42
6211, 0.46
6212, 0.45
6213, 0.10
6214, 0.62
6215, 0.41
6216, 0.46
6217, 0.47
6218, 0.11
6219, 0.98
6220, 0.35
6221, 0.39
6222, 0.43
6223, 0.97
6224, 0.42
6225, 0.47
6226, 0.80
6227, 0.49
6228, 0.49
6229, 0.98
6230, 0.98
6231, 0.45
6232, 0.15
6233, 0.64
6234, 0.93
6235, 0.47
6236, 0.48
6237, 0.45
6238, 0.54
6239, 0.57
6240, 0.46
6241, 0.49
6242, 0.56
6243, 0.54
6244, 0.76
6245, 0.39
6246, 0.66
6247, 0.36
6248, 0.50
6249, 0.45
6250, 0.98
6251, 0.46
6252, 0.38
6253, 0.56
6254, 0.33
6255, 0.49
6256, 0.40
6257, 0.42
6258, 0.48
6259, 0.43
6260, 0.48
6261, 0.56
6262, 0.52
6263, 0.53
6264, 0.18
6265, 0.12
6266, 0.98
6267, 0.53
6268, 0.81
6269, 0.41
6270, 0.46
6271, 0.50
6272, 0.32
6273, 0.13
6274, 0.42
6275, 0.48
6276, 0.49
6277, 0.66
6278, 0.48
6279, 0.42
6280, 0.98
6281, 0.10
6282, 0.52
6283, 0.14
6284, 0.53
6285, 0.49
6286, 0.49
6287, 0.52
6288, 0.55
6289, 0.28
6290, 0.98
6291, 0.38
6292, 0.26
6293, 0.43
6294, 0.43
6295, 0.53
6296, 0.29
6297, 0.44
6298, 0.31
6299, 0.83
6300, 0.47
6301, 0.46
6302, 0.28
6303, 0.11
6304, 0.97
6305, 0.50
6306, 0.65
6307, 0.61
6308, 0.41
6309, 0.33
6310, 0.46
6311, 0.17
6312, 0.08
6313, 0.49
6314, 0.34
6315, 0.47
6316, 0.92
6317, 0.45
6318, 0.43
6319, 0.44
6320, 0.76
6321, 0.50
6322, 0.49
6323, 0.48
6324, 0.98
6325, 0.49
6326, 0.14
6327, 0.48
6328, 0.17
6329, 0.42
6330, 0.81
6331, 0.41
6332, 0.49
6333, 0.53
6334, 0.65
6335, 0.64
6336, 0.54
6337, 0.43
6338, 0.46
6339, 0.49
6340, 0.17
6341, 0.49
6342, 0.45
6343, 0.36
6344, 0.96
6345, 0.34
6346, 0.97
6347, 0.46
6348, 0.95
6349, 0.46
6350, 0.36
6351, 0.47
6352, 0.96
6353, 0.45
6354, 0.46
6355, 0.57
6356, 0.17
6357, 0.97
6358, 0.32
6359, 0.70
6360, 0.94
6361, 0.13
6362, 0.62
6363, 0.87
6364, 0.43
6365, 0.51
6366, 0.12
6367, 0.49
6368, 0.14
6369, 0.94
6370, 0.45
6371, 0.43
6372, 0.31
6373, 0.50
6374, 0.46
6375, 0.20
6376, 0.98
6377, 0.48
6378, 0.89
6379, 0.55
6380, 0.28
6381, 0.49
6382, 0.43
6383, 0.50
6384, 0.38
6385, 0.47
6386, 0.45
6387, 0.28
6388, 0.52
6389, 0.49
6390, 0.64
6391, 0.48
6392, 0.37
6393, 0.60
6394, 0.44
6395, 0.46
6396, 0.95
6397, 0.07
6398, 0.45
6399, 0.48
6400, 0.44
6401, 0.46
6402, 0.11
6403, 0.53
6404, 0.52
6405, 0.43
6406, 0.44
6407, 0.72
6408, 0.51
6409, 0.48
6410, 0.34
6411, 0.42
6412, 0.51
6413, 0.25
6414, 0.48
6415, 0.69
6416, 0.43
6417, 0.08
6418, 0.09
6419, 0.48
6420, 0.62
6421, 0.76
6422, 0.13
6423, 0.10
6424, 0.40
6425, 0.53
6426, 0.95
6427, 0.46
6428, 0.41
6429, 0.56
6430, 0.97
6431, 0.08
6432, 0.46
6433, 0.24
6434, 0.38
6435, 0.40
6436, 0.14
6437, 0.50
6438, 0.47
6439, 0.42
6440, 0.41
6441, 0.44
6442, 0.43
6443, 0.40
6444, 0.26
6445, 0.53
6446, 0.46
6447, 0.50
6448, 0.61
6449, 0.49
6450, 0.10
6451, 0.44
6452, 0.47
6453, 0.61
6454, 0.51
6455, 0.38
6456, 0.95
6457, 0.39
6458, 0.35
6459, 0.51
6460, 0.22
6461, 0.52
6462, 0.36
6463, 0.33
6464, 0.56
6465, 0.27
6466, 0.38
6467, 0.49
6468, 0.95
6469, 0.63
6470, 0.39
6471, 0.79
6472, 0.47
6473, 0.43
6474, 0.48
6475, 0.49
6476, 0.98
6477, 0.47
6478, 0.23
6479, 0.38
6480, 0.32
6481, 0.42
6482, 0.40
6483, 0.45
6484, 0.57
6485, 0.44
6486, 0.10
6487, 0.47
6488, 0.96
6489, 0.12
6490, 0.45
6491, 0.46
6492, 0.12
6493, 0.71
6494, 0.46
6495, 0.43
6496, 0.60
6497, 0.51
6498, 0.07
6499, 0.52
6500, 0.46
6501, 0.40
6502, 0.49
6503, 0.40
6504, 0.10
6505, 0.47
6506, 0.44
6507, 0.51
6508, 0.50
6509, 0.71
6510, 0.48
6511, 0.83
6512, 0.98
6513, 0.41
6514, 0.47
6515, 0.53
6516, 0.56
6517, 0.42
6518, 0.44
6519, 0.44
6520, 0.13
6521, 0.63
6522, 0.63
6523, 0.44
6524, 0.53
6525, 0.47
6526, 0.54
6527, 0.68
6528, 0.91
6529, 0.50
6530, 0.91
6531, 0.48
6532, 0.09
6533, 0.44
6534, 0.67
6535, 0.07
6536, 0.98
6537, 0.47
6538, 0.49
6539, 0.78
6540, 0.48
6541, 0.58
6542, 0.39
6543, 0.97
6544, 0.45
6545, 0.51
6546, 0.39
6547, 0.43
6548, 0.55
6549, 0.97
6550, 0.52
6551, 0.48
6552, 0.09
6553, 0.76
6554, 0.36
6555, 0.45
6556, 0.46
6557, 0.49
6558, 0.69
6559, 0.47
6560, 0.14
6561, 0.52
6562, 0.49
6563, 0.50
6564, 0.36
6565, 0.40
6566, 0.19
6567, 0.98
6568, 0.52
6569, 0.08
6570, 0.43
6571, 0.42
6572, 0.47
6573, 0.47
6574, 0.98
6575, 0.45
6576, 0.09
6577, 0.53
6578, 0.71
6579, 0.31
6580, 0.48
6581, 0.44
6582, 0.46
6583, 0.77
6584, 0.48
6585, 0.39
6586, 0.57
6587, 0.09
6588, 0.34
6589, 0.19
6590, 0.35
6591, 0.36
6592, 0.97
6593, 0.38
6594, 0.42
6595, 0.77
6596, 0.49
6597, 0.53
6598, 0.38
6599, 0.38
6600, 0.49
6601, 0.45
6602, 0.72
6603, 0.52
6604, 0.55
6605, 0.11
6606, 0.49
6607, 0.48
6608, 0.45
6609, 0.48
6610, 0.38
6611, 0.35
6612, 0.12
6613, 0.54
6614, 0.49
6615, 0.56
6616, 0.10
6617, 0.97
6618, 0.20
6619, 0.51
6620, 0.41
6621, 0.10
6622, 0.48
6623, 0.34
6624, 0.47
6625, 0.45
6626, 0.52
6627, 0.45
6628, 0.50
6629, 0.55
6630, 0.96
6631, 0.46
6632, 0.54
6633, 0.70
6634, 0.43
6635, 0.90
6636, 0.23
6637, 0.95
6638, 0.37
6639, 0.98
6640, 0.51
6641, 0.94
6642, 0.37
6643, 0.09
6644, 0.40
6645, 0.45
6646, 0.15
6647, 0.40
6648, 0.13
6649, 0.11
6650, 0.21
6651, 0.80
6652, 0.48
6653, 0.51
6654, 0.50
6655, 0.45
6656, 0.41
6657, 0.49
6658, 0.54
6659, 0.50
6660, 0.98
6661, 0.48
6662, 0.47
6663, 0.44
6664, 0.45
6665, 0.54
6666, 0.50
6667, 0.49
6668, 0.73
6669, 0.49
6670, 0.58
6671, 0.97
6672, 0.44
6673, 0.16
6674, 0.57
6675, 0.34
6676, 0.67
6677, 0.50
6678, 0.78
6679, 0.49
6680, 0.13
6681, 0.62
6682, 0.55
6683, 0.36
6684, 0.37
6685, 0.47
6686, 0.39
6687, 0.49
6688, 0.78
6689, 0.98
6690, 0.48
6691, 0.48
6692, 0.87
6693, 0.50
6694, 0.42
6695, 0.07
6696, 0.92
6697, 0.32
6698, 0.47
6699, 0.48
6700, 0.66
6701, 0.39
6702, 0.14
6703, 0.10
6704, 0.56
6705, 0.38
6706, 0.53
6707, 0.50
6708, 0.53
6709, 0.49
6710, 0.10
6711, 0.79
6712, 0.51
6713, 0.49
6714, 0.06
6715, 0.39
6716, 0.48
6717, 0.37
6718, 0.43
6719, 0.45
6720, 0.42
6721, 0.55
6722, 0.46
6723, 0.96
6724, 0.49
6725, 0.32
6726, 0.45
6727, 0.46
6728, 0.18
6729, 0.96
6730, 0.54
6731, 0.44
6732, 0.96
6733, 0.46
6734, 0.52
6735, 0.59
6736, 0.46
6737, 0.49
6738, 0.52
6739, 0.45
6740, 0.57
6741, 0.46
6742, 0.36
6743, 0.07
6744, 0.97
6745, 0.97
6746, 0.58
6747, 0.35
6748, 0.45
6749, 0.94
6750, 0.44
6751, 0.10
6752, 0.62
6753, 0.51
6754, 0.41
6755, 0.13
6756, 0.46
6757, 0.76
6758, 0.44
6759, 0.31
6760, 0.50
6761, 0.09
6762, 0.08
6763, 0.74
6764, 0.55
6765, 0.21
6766, 0.48
6767, 0.62
6768, 0.42
6769, 0.40
6770, 0.92
6771, 0.48
6772, 0.76
6773, 0.12
6774, 0.51
6775, 0.67
6776, 0.48
6777, 0.80
6778, 0.44
6779, 0.42
6780, 0.52
6781, 0.98
6782, 0.50
6783, 0.48
6784, 0.78
6785, 0.43
6786, 0.40
6787, 0.55
6788, 0.47
6789, 0.98
6790, 0.34
6791, 0.63
6792, 0.98
6793, 0.27
6794, 0.35
6795, 0.74
6796, 0.90
6797, 0.45
6798, 0.98
6799, 0.10
6800, 0.80
6801, 0.97
6802, 0.55
6803, 0.53
6804, 0.09
6805, 0.88
6806, 0.54
6807, 0.47
6808, 0.12
6809, 0.22
6810, 0.08
6811, 0.65
6812, 0.50
6813, 0.43
6814, 0.32
6815, 0.50
6816, 0.37
6817, 0.46
6818, 0.45
6819, 0.74
6820, 0.44
6821, 0.75
6822, 0.43
6823, 0.48
6824, 0.40
6825, 0.56
6826, 0.81
6827, 0.13
6828, 0.41
6829, 0.46
6830, 0.30
6831, 0.98
6832, 0.43
6833, 0.95
6834, 0.46
6835, 0.40
6836, 0.43
6837, 0.10
6838, 0.51
6839, 0.43
6840, 0.09
6841, 0.46
6842, 0.46
6843, 0.58
6844, 0.27
6845, 0.50
6846, 0.46
6847, 0.96
6848, 0.38
6849, 0.47
6850, 0.48
6851, 0.31
6852, 0.44
6853, 0.38
6854, 0.70
6855, 0.56
6856, 0.57
6857, 0.44
6858, 0.54
6859, 0.47
6860, 0.51
6861, 0.98
6862, 0.99
6863, 0.51
6864, 0.49
6865, 0.09
6866, 0.70
6867, 0.83
6868, 0.55
6869, 0.56
6870, 0.50
6871, 0.43
6872, 0.48
6873, 0.94
6874, 0.53
6875, 0.49
6876, 0.39
6877, 0.34
6878, 0.08
6879, 0.42
6880, 0.50
6881, 0.52
6882, 0.55
6883, 0.51
6884, 0.61
6885, 0.48
6886, 0.44
6887, 0.46
6888, 0.69
6889, 0.10
6890, 0.95
6891, 0.50
6892, 0.94
6893, 0.51
6894, 0.98
6895, 0.95
6896, 0.33
6897, 0.95
6898, 0.57
6899, 0.53
6900, 0.97
6901, 0.49
6902, 0.44
6903, 0.13
6904, 0.42
6905, 0.45
6906, 0.10
6907, 0.33
6908, 0.38
6909, 0.38
6910, 0.49
6911, 0.92
6912, 0.44
6913, 0.42
6914, 0.40
6915, 0.33
6916, 0.41
6917, 0.53
6918, 0.42
6919, 0.47
6920, 0.44
6921, 0.50
6922, 0.66
6923, 0.08
6924, 0.36
6925, 0.43
6926, 0.57
6927, 0.44
6928, 0.52
6929, 0.41
6930, 0.29
6931, 0.65
6932, 0.98
6933, 0.50
6934, 0.46
6935, 0.55
6936, 0.99
6937, 0.53
6938, 0.50
6939, 0.10
6940, 0.98
6941, 0.50
6942, 0.44
6943, 0.36
6944, 0.44
6945, 0.51
6946, 0.39
6947, 0.84
6948, 0.13
6949, 0.99
6950, 0.45
6951, 0.66
6952, 0.68
6953, 0.38
6954, 0.47
6955, 0.48
6956, 0.10
6957, 0.28
6958, 0.17
6959, 0.53
6960, 0.15
6961, 0.98
6962, 0.12
6963, 0.49
6964, 0.52
6965, 0.98
6966, 0.70
6967, 0.47
6968, 0.47
6969, 0.38
6970, 0.20
6971, 0.33
6972, 0.44
6973, 0.48
6974, 0.82
6975, 0.47
6976, 0.47
6977, 0.09
6978, 0.43
6979, 0.41
6980, 0.57
6981, 0.06
6982, 0.42
6983, 0.69
6984, 0.38
6985, 0.07
6986, 0.48
6987, 0.56
6988, 0.55
6989, 0.82
6990, 0.52
6991, 0.43
6992, 0.26
6993, 0.71
6994, 0.55
6995, 0.84
6996, 0.50
6997, 0.99
6998, 0.49
6999, 0.44
7000, 0.44
7001, 0.63
7002, 0.55
7003, 0.78
7004, 0.98
7005, 0.84
7006, 0.47
7007, 0.43
7008, 0.55
7009, 0.49
7010, 0.55
7011, 0.39
7012, 0.11
7013, 0.72
7014, 0.47
7015, 0.52
7016, 0.43
7017, 0.50
7018, 0.07
7019, 0.50
7020, 0.63
7021, 0.40
7022, 0.08
7023, 0.60
7024, 0.52
7025, 0.42
7026, 0.63
7027, 0.09
7028, 0.42
7029, 0.43
7030, 0.47
7031, 0.65
7032, 0.51
7033, 0.10
7034, 0.95
7035, 0.86
7036, 0.78
7037, 0.07
7038, 0.54
7039, 0.60
7040, 0.44
7041, 0.48
7042, 0.45
7043, 0.37
7044, 0.33
7045, 0.53
7046, 0.47
7047, 0.34
7048, 0.54
7049, 0.71
7050, 0.52
7051, 0.44
7052, 0.35
7053, 0.44
7054, 0.63
7055, 0.48
7056, 0.44
7057, 0.39
7058, 0.47
7059, 0.13
7060, 0.44
7061, 0.11
7062, 0.52
7063, 0.44
7064, 0.36
7065, 0.99
7066, 0.51
7067, 0.44
7068, 0.30
7069, 0.47
7070, 0.49
7071, 0.55
7072, 0.96
7073, 0.08
7074, 0.39
7075, 0.11
7076, 0.46
7077, 0.11
7078, 0.37
7079, 0.98
7080, 0.97
7081, 0.60
7082, 0.07
7083, 0.28
7084, 0.40
7085, 0.43
7086, 0.49
7087, 0.98
7088, 0.51
7089, 0.54
7090, 0.42
7091, 0.66
7092, 0.52
7093, 0.38
7094, 0.07
7095, 0.54
7096, 0.52
7097, 0.45
7098, 0.52
7099, 0.48
7100, 0.52
7101, 0.41
7102, 0.73
7103, 0.45
7104, 0.65
7105, 0.56
7106, 0.98
7107, 0.38
7108, 0.46
7109, 0.51
7110, 0.10
7111, 0.50
7112, 0.28
7113, 0.57
7114, 0.51
7115, 0.42
7116, 0.52
7117, 0.15
7118, 0.78
7119, 0.76
7120, 0.46
7121, 0.31
7122, 0.38
7123, 0.92
7124, 0.39
7125, 0.42
7126, 0.37
7127, 0.46
7128, 0.49
7129, 0.53
7130, 0.98
7131, 0.42
7132, 0.45
7133, 0.18
7134, 0.23
7135, 0.54
7136, 0.47
7137, 0.09
7138, 0.55
7139, 0.56
7140, 0.12
7141, 0.45
7142, 0.10
7143, 0.37
7144, 0.42
7145, 0.94
7146, 0.36
7147, 0.38
7148, 0.43
7149, 0.95
7150, 0.50
7151, 0.67
7152, 0.31
7153, 0.42
7154, 0.51
7155, 0.94
7156, 0.48
7157, 0.70
7158, 0.53
7159, 0.53
7160, 0.40
7161, 0.10
7162, 0.18
7163, 0.32
7164, 0.75
7165, 0.61
7166, 0.94
7167, 0.38
7168, 0.38
7169, 0.39
7170, 0.58
7171, 0.25
7172, 0.44
7173, 0.35
7174, 0.46
7175, 0.42
7176, 0.59
7177, 0.50
7178, 0.40
7179, 0.98
7180, 0.91
7181, 0.89
7182, 0.27
7183, 0.98
7184, 0.57
7185, 0.53
7186, 0.20
7187, 0.43
7188, 0.47
7189, 0.23
7190, 0.53
7191, 0.44
7192, 0.89
7193, 0.46
7194, 0.52
7195, 0.73
7196, 0.51
7197, 0.29
7198, 0.46
7199, 0.10
7200, 0.98
7201, 0.49
7202, 0.49
7203, 0.44
7204, 0.14
7205, 0.47
7206, 0.30
7207, 0.43
7208, 0.55
7209, 0.43
7210, 0.46
7211, 0.42
7212, 0.27
7213, 0.69
7214, 0.50
7215, 0.13
7216, 0.98
7217, 0.94
7218, 0.62
7219, 0.67
7220, 0.44
7221, 0.55
7222, 0.95
7223, 0.33
7224, 0.48
7225, 0.97
7226, 0.47
7227, 0.40
7228, 0.39
7229, 0.29
7230, 0.43
7231, 0.46
7232, 0.37
7233, 0.49
7234, 0.47
7235, 0.08
7236, 0.53
7237, 0.47
7238, 0.36
7239, 0.41
7240, 0.26
7241, 0.50
7242, 0.47
7243, 0.55
7244, 0.49
7245, 0.35
7246, 0.10
7247, 0.28
7248, 0.32
7249, 0.50
7250, 0.50
7251, 0.54
7252, 0.73
7253, 0.64
7254, 0.46
7255, 0.99
7256, 0.47
7257, 0.50
7258, 0.98
7259, 0.46
7260, 0.35
7261, 0.28
7262, 0.62
7263, 0.52
7264, 0.47
7265, 0.34
7266, 0.42
7267, 0.98
7268, 0.50
7269, 0.94
7270, 0.41
7271, 0.48
7272, 0.42
7273, 0.45
7274, 0.97
7275, 0.94
7276, 0.49
7277, 0.45
7278, 0.55
7279, 0.45
7280, 0.38
7281, 0.45
7282, 0.40
7283, 0.44
7284, 0.51
7285, 0.77
7286, 0.45
7287, 0.62
7288, 0.53
7289, 0.50
7290, 0.41
7291, 0.61
7292, 0.43
7293, 0.77
7294, 0.31
7295, 0.07
7296, 0.95
7297, 0.49
7298, 0.98
7299, 0.50
7300, 0.46
7301, 0.45
7302, 0.50
7303, 0.45
7304, 0.09
7305, 0.69
7306, 0.50
7307, 0.45
7308, 0.11
7309, 0.39
7310, 0.55
7311, 0.37
7312, 0.59
7313, 0.45
7314, 0.36
7315, 0.46
7316, 0.44
7317, 0.49
7318, 0.42
7319, 0.49
7320, 0.36
7321, 0.57
7322, 0.94
7323, 0.38
7324, 0.90
7325, 0.54
7326, 0.47
7327, 0.50
7328, 0.51
7329, 0.50
7330, 0.45
7331, 0.50
7332, 0.34
7333, 0.54
7334, 0.72
7335, 0.48
7336, 0.37
7337, 0.44
7338, 0.44
7339, 0.47
7340, 0.42
7341, 0.46
7342, 0.93
7343, 0.51
7344, 0.32
7345, 0.20
7346, 0.48
7347, 0.87
7348, 0.29
7349, 0.99
7350, 0.27
7351, 0.72
7352, 0.51
7353, 0.42
7354, 0.98
7355, 0.98
7356, 0.48
7357, 0.33
7358, 0.20
7359, 0.51
7360, 0.52
7361, 0.76
7362, 0.96
7363, 0.47
7364, 0.65
7365, 0.61
7366, 0.51
7367, 0.97
7368, 0.49
7369, 0.36
7370, 0.50
7371, 0.46
7372, 0.33
7373, 0.99
7374, 0.48
7375, 0.42
7376, 0.98
7377, 0.09
7378, 0.53
7379, 0.51
7380, 0.51
7381, 0.44
7382, 0.38
7383, 0.67
7384, 0.70
7385, 0.06
7386, 0.46
7387, 0.54
7388, 0.46
7389, 0.91
7390, 0.54
7391, 0.60
7392, 0.38
7393, 0.45
7394, 0.86
7395, 0.76
7396, 0.45
7397, 0.58
7398, 0.33
7399, 0.30
7400, 0.45
7401, 0.98
7402, 0.53
7403, 0.43
7404, 0.46
7405, 0.48
7406, 0.09
7407, 0.47
7408, 0.45
7409, 0.15
7410, 0.37
7411, 0.07
7412, 0.38
7413, 0.06
7414, 0.97
7415, 0.56
7416, 0.07
7417, 0.98
7418, 0.09
7419, 0.46
7420, 0.97
7421, 0.41
