Id,Predicted
0, 0.42
1, 0.22
2, 0.50
3, 0.39
4, 0.86
5, 0.15
6, 0.57
7, 0.32
8, 0.40
9, 0.50
10, 0.50
11, 0.54
12, 0.43
13, 0.54
14, 0.79
15, 0.88
16, 0.78
17, 0.52
18, 0.51
19, 0.32
20, 0.48
21, 0.74
22, 0.47
23, 0.53
24, 0.51
25, 0.49
26, 0.56
27, 0.54
28, 0.49
29, 0.48
30, 0.51
31, 0.39
32, 0.51
33, 0.25
34, 0.55
35, 0.40
36, 0.47
37, 0.48
38, 0.47
39, 0.71
40, 0.51
41, 0.44
42, 0.48
43, 0.43
44, 0.81
45, 0.48
46, 0.51
47, 0.34
48, 0.50
49, 0.47
50, 0.26
51, 0.46
52, 0.18
53, 0.39
54, 0.35
55, 0.48
56, 0.49
57, 0.36
58, 0.30
59, 0.50
60, 0.58
61, 0.36
62, 0.20
63, 0.71
64, 0.85
65, 0.46
66, 0.64
67, 0.48
68, 0.27
69, 0.55
70, 0.58
71, 0.88
72, 0.82
73, 0.49
74, 0.25
75, 0.55
76, 0.48
77, 0.51
78, 0.48
79, 0.21
80, 0.52
81, 0.51
82, 0.64
83, 0.92
84, 0.59
85, 0.62
86, 0.63
87, 0.47
88, 0.41
89, 0.84
90, 0.50
91, 0.78
92, 0.49
93, 0.60
94, 0.74
95, 0.49
96, 0.22
97, 0.48
98, 0.73
99, 0.45
100, 0.49
101, 0.50
102, 0.17
103, 0.60
104, 0.54
105, 0.47
106, 0.44
107, 0.54
108, 0.44
109, 0.74
110, 0.17
111, 0.52
112, 0.32
113, 0.62
114, 0.50
115, 0.52
116, 0.59
117, 0.50
118, 0.26
119, 0.44
120, 0.19
121, 0.58
122, 0.54
123, 0.45
124, 0.49
125, 0.22
126, 0.53
127, 0.70
128, 0.50
129, 0.46
130, 0.15
131, 0.70
132, 0.20
133, 0.60
134, 0.49
135, 0.50
136, 0.25
137, 0.24
138, 0.50
139, 0.60
140, 0.52
141, 0.48
142, 0.53
143, 0.86
144, 0.84
145, 0.45
146, 0.46
147, 0.40
148, 0.44
149, 0.30
150, 0.38
151, 0.90
152, 0.25
153, 0.35
154, 0.50
155, 0.55
156, 0.40
157, 0.63
158, 0.50
159, 0.36
160, 0.51
161, 0.51
162, 0.61
163, 0.22
164, 0.52
165, 0.47
166, 0.25
167, 0.45
168, 0.79
169, 0.40
170, 0.48
171, 0.46
172, 0.67
173, 0.56
174, 0.34
175, 0.55
176, 0.29
177, 0.14
178, 0.53
179, 0.48
180, 0.47
181, 0.50
182, 0.65
183, 0.49
184, 0.33
185, 0.63
186, 0.43
187, 0.50
188, 0.57
189, 0.50
190, 0.57
191, 0.57
192, 0.48
193, 0.59
194, 0.42
195, 0.49
196, 0.49
197, 0.65
198, 0.28
199, 0.19
200, 0.47
201, 0.39
202, 0.48
203, 0.32
204, 0.81
205, 0.35
206, 0.16
207, 0.50
208, 0.83
209, 0.49
210, 0.44
211, 0.51
212, 0.53
213, 0.52
214, 0.35
215, 0.61
216, 0.54
217, 0.53
218, 0.42
219, 0.15
220, 0.28
221, 0.46
222, 0.43
223, 0.36
224, 0.49
225, 0.50
226, 0.43
227, 0.68
228, 0.53
229, 0.45
230, 0.23
231, 0.24
232, 0.44
233, 0.41
234, 0.18
235, 0.21
236, 0.49
237, 0.21
238, 0.52
239, 0.46
240, 0.44
241, 0.52
242, 0.17
243, 0.36
244, 0.44
245, 0.40
246, 0.57
247, 0.56
248, 0.43
249, 0.23
250, 0.88
251, 0.39
252, 0.51
253, 0.23
254, 0.46
255, 0.57
256, 0.51
257, 0.56
258, 0.52
259, 0.39
260, 0.15
261, 0.24
262, 0.36
263, 0.89
264, 0.48
265, 0.48
266, 0.46
267, 0.60
268, 0.48
269, 0.49
270, 0.49
271, 0.44
272, 0.47
273, 0.45
274, 0.63
275, 0.58
276, 0.42
277, 0.22
278, 0.38
279, 0.42
280, 0.90
281, 0.65
282, 0.92
283, 0.48
284, 0.54
285, 0.59
286, 0.38
287, 0.54
288, 0.92
289, 0.39
290, 0.48
291, 0.41
292, 0.78
293, 0.35
294, 0.54
295, 0.64
296, 0.21
297, 0.46
298, 0.20
299, 0.48
300, 0.41
301, 0.54
302, 0.36
303, 0.44
304, 0.48
305, 0.51
306, 0.43
307, 0.47
308, 0.58
309, 0.46
310, 0.56
311, 0.16
312, 0.88
313, 0.49
314, 0.52
315, 0.42
316, 0.43
317, 0.60
318, 0.43
319, 0.17
320, 0.37
321, 0.87
322, 0.22
323, 0.13
324, 0.69
325, 0.78
326, 0.52
327, 0.45
328, 0.45
329, 0.47
330, 0.48
331, 0.50
332, 0.21
333, 0.23
334, 0.90
335, 0.62
336, 0.32
337, 0.46
338, 0.45
339, 0.54
340, 0.43
341, 0.54
342, 0.42
343, 0.21
344, 0.86
345, 0.56
346, 0.22
347, 0.44
348, 0.47
349, 0.55
350, 0.84
351, 0.40
352, 0.56
353, 0.64
354, 0.49
355, 0.50
356, 0.42
357, 0.45
358, 0.42
359, 0.48
360, 0.43
361, 0.49
362, 0.42
363, 0.56
364, 0.54
365, 0.50
366, 0.62
367, 0.73
368, 0.40
369, 0.22
370, 0.45
371, 0.65
372, 0.45
373, 0.56
374, 0.65
375, 0.51
376, 0.48
377, 0.48
378, 0.47
379, 0.51
380, 0.49
381, 0.37
382, 0.19
383, 0.50
384, 0.49
385, 0.42
386, 0.18
387, 0.48
388, 0.61
389, 0.21
390, 0.86
391, 0.53
392, 0.59
393, 0.34
394, 0.51
395, 0.49
396, 0.56
397, 0.43
398, 0.49
399, 0.55
400, 0.55
401, 0.60
402, 0.55
403, 0.51
404, 0.27
405, 0.54
406, 0.24
407, 0.60
408, 0.42
409, 0.41
410, 0.19
411, 0.34
412, 0.63
413, 0.53
414, 0.14
415, 0.48
416, 0.46
417, 0.78
418, 0.49
419, 0.49
420, 0.56
421, 0.55
422, 0.50
423, 0.48
424, 0.88
425, 0.60
426, 0.50
427, 0.64
428, 0.93
429, 0.19
430, 0.39
431, 0.43
432, 0.49
433, 0.26
434, 0.93
435, 0.53
436, 0.50
437, 0.48
438, 0.50
439, 0.25
440, 0.86
441, 0.47
442, 0.44
443, 0.46
444, 0.51
445, 0.52
446, 0.48
447, 0.24
448, 0.51
449, 0.85
450, 0.48
451, 0.26
452, 0.57
453, 0.53
454, 0.38
455, 0.39
456, 0.44
457, 0.42
458, 0.55
459, 0.47
460, 0.55
461, 0.49
462, 0.52
463, 0.86
464, 0.85
465, 0.43
466, 0.46
467, 0.52
468, 0.90
469, 0.41
470, 0.45
471, 0.56
472, 0.39
473, 0.50
474, 0.83
475, 0.71
476, 0.88
477, 0.49
478, 0.26
479, 0.41
480, 0.45
481, 0.84
482, 0.90
483, 0.50
484, 0.26
485, 0.59
486, 0.35
487, 0.81
488, 0.47
489, 0.44
490, 0.25
491, 0.33
492, 0.32
493, 0.45
494, 0.44
495, 0.42
496, 0.36
497, 0.53
498, 0.74
499, 0.73
500, 0.79
501, 0.35
502, 0.22
503, 0.51
504, 0.69
505, 0.91
506, 0.53
507, 0.85
508, 0.51
509, 0.42
510, 0.57
511, 0.49
512, 0.44
513, 0.45
514, 0.47
515, 0.56
516, 0.28
517, 0.69
518, 0.42
519, 0.54
520, 0.39
521, 0.53
522, 0.30
523, 0.45
524, 0.63
525, 0.54
526, 0.46
527, 0.58
528, 0.51
529, 0.45
530, 0.48
531, 0.55
532, 0.36
533, 0.55
534, 0.45
535, 0.51
536, 0.38
537, 0.50
538, 0.61
539, 0.40
540, 0.89
541, 0.47
542, 0.49
543, 0.92
544, 0.44
545, 0.49
546, 0.89
547, 0.49
548, 0.42
549, 0.40
550, 0.42
551, 0.45
552, 0.76
553, 0.18
554, 0.56
555, 0.44
556, 0.19
557, 0.88
558, 0.58
559, 0.56
560, 0.49
561, 0.30
562, 0.62
563, 0.93
564, 0.45
565, 0.86
566, 0.35
567, 0.71
568, 0.42
569, 0.81
570, 0.45
571, 0.45
572, 0.52
573, 0.17
574, 0.43
575, 0.54
576, 0.57
577, 0.66
578, 0.47
579, 0.64
580, 0.51
581, 0.53
582, 0.43
583, 0.48
584, 0.36
585, 0.36
586, 0.25
587, 0.51
588, 0.53
589, 0.32
590, 0.45
591, 0.61
592, 0.66
593, 0.91
594, 0.53
595, 0.83
596, 0.37
597, 0.48
598, 0.47
599, 0.55
600, 0.45
601, 0.93
602, 0.63
603, 0.40
604, 0.61
605, 0.29
606, 0.40
607, 0.21
608, 0.87
609, 0.30
610, 0.52
611, 0.50
612, 0.46
613, 0.45
614, 0.55
615, 0.35
616, 0.45
617, 0.51
618, 0.36
619, 0.31
620, 0.47
621, 0.52
622, 0.51
623, 0.47
624, 0.39
625, 0.39
626, 0.44
627, 0.85
628, 0.41
629, 0.55
630, 0.49
631, 0.40
632, 0.19
633, 0.50
634, 0.79
635, 0.54
636, 0.91
637, 0.52
638, 0.41
639, 0.54
640, 0.40
641, 0.51
642, 0.50
643, 0.56
644, 0.59
645, 0.45
646, 0.34
647, 0.41
648, 0.86
649, 0.47
650, 0.39
651, 0.51
652, 0.62
653, 0.64
654, 0.82
655, 0.41
656, 0.52
657, 0.57
658, 0.37
659, 0.44
660, 0.92
661, 0.48
662, 0.52
663, 0.48
664, 0.35
665, 0.45
666, 0.40
667, 0.87
668, 0.51
669, 0.88
670, 0.56
671, 0.53
672, 0.85
673, 0.71
674, 0.44
675, 0.92
676, 0.23
677, 0.54
678, 0.17
679, 0.51
680, 0.85
681, 0.87
682, 0.49
683, 0.45
684, 0.47
685, 0.48
686, 0.50
687, 0.55
688, 0.36
689, 0.39
690, 0.55
691, 0.66
692, 0.53
693, 0.43
694, 0.63
695, 0.38
696, 0.54
697, 0.48
698, 0.35
699, 0.52
700, 0.24
701, 0.36
702, 0.46
703, 0.48
704, 0.34
705, 0.44
706, 0.42
707, 0.19
708, 0.30
709, 0.34
710, 0.88
711, 0.60
712, 0.48
713, 0.50
714, 0.46
715, 0.31
716, 0.33
717, 0.40
718, 0.48
719, 0.49
720, 0.14
721, 0.54
722, 0.19
723, 0.49
724, 0.38
725, 0.48
726, 0.47
727, 0.51
728, 0.44
729, 0.37
730, 0.39
731, 0.21
732, 0.43
733, 0.87
734, 0.23
735, 0.46
736, 0.51
737, 0.21
738, 0.51
739, 0.38
740, 0.50
741, 0.22
742, 0.52
743, 0.27
744, 0.87
745, 0.39
746, 0.39
747, 0.52
748, 0.29
749, 0.60
750, 0.50
751, 0.41
752, 0.55
753, 0.78
754, 0.51
755, 0.43
756, 0.55
757, 0.61
758, 0.16
759, 0.52
760, 0.11
761, 0.54
762, 0.46
763, 0.41
764, 0.40
765, 0.27
766, 0.65
767, 0.40
768, 0.27
769, 0.45
770, 0.59
771, 0.56
772, 0.41
773, 0.48
774, 0.58
775, 0.61
776, 0.59
777, 0.45
778, 0.61
779, 0.49
780, 0.40
781, 0.55
782, 0.64
783, 0.45
784, 0.57
785, 0.42
786, 0.46
787, 0.40
788, 0.85
789, 0.22
790, 0.25
791, 0.61
792, 0.47
793, 0.32
794, 0.45
795, 0.59
796, 0.26
797, 0.54
798, 0.62
799, 0.89
800, 0.50
801, 0.65
802, 0.56
803, 0.81
804, 0.42
805, 0.43
806, 0.31
807, 0.52
808, 0.23
809, 0.26
810, 0.49
811, 0.54
812, 0.86
813, 0.17
814, 0.47
815, 0.35
816, 0.53
817, 0.33
818, 0.29
819, 0.44
820, 0.49
821, 0.14
822, 0.81
823, 0.44
824, 0.24
825, 0.27
826, 0.49
827, 0.57
828, 0.77
829, 0.57
830, 0.26
831, 0.60
832, 0.45
833, 0.49
834, 0.53
835, 0.49
836, 0.65
837, 0.47
838, 0.53
839, 0.49
840, 0.23
841, 0.50
842, 0.47
843, 0.58
844, 0.48
845, 0.47
846, 0.52
847, 0.10
848, 0.40
849, 0.55
850, 0.18
851, 0.47
852, 0.33
853, 0.54
854, 0.53
855, 0.84
856, 0.42
857, 0.47
858, 0.54
859, 0.62
860, 0.57
861, 0.30
862, 0.60
863, 0.47
864, 0.52
865, 0.53
866, 0.60
867, 0.21
868, 0.42
869, 0.49
870, 0.27
871, 0.56
872, 0.90
873, 0.86
874, 0.22
875, 0.17
876, 0.42
877, 0.50
878, 0.46
879, 0.50
880, 0.55
881, 0.40
882, 0.45
883, 0.65
884, 0.46
885, 0.41
886, 0.89
887, 0.43
888, 0.57
889, 0.43
890, 0.72
891, 0.50
892, 0.59
893, 0.41
894, 0.88
895, 0.50
896, 0.48
897, 0.43
898, 0.49
899, 0.33
900, 0.48
901, 0.44
902, 0.51
903, 0.45
904, 0.86
905, 0.90
906, 0.41
907, 0.50
908, 0.25
909, 0.48
910, 0.81
911, 0.51
912, 0.27
913, 0.32
914, 0.27
915, 0.47
916, 0.56
917, 0.90
918, 0.38
919, 0.51
920, 0.40
921, 0.47
922, 0.53
923, 0.53
924, 0.72
925, 0.49
926, 0.47
927, 0.91
928, 0.13
929, 0.77
930, 0.49
931, 0.41
932, 0.39
933, 0.47
934, 0.53
935, 0.39
936, 0.57
937, 0.41
938, 0.48
939, 0.59
940, 0.49
941, 0.22
942, 0.48
943, 0.43
944, 0.45
945, 0.31
946, 0.64
947, 0.86
948, 0.24
949, 0.53
950, 0.46
951, 0.43
952, 0.38
953, 0.52
954, 0.35
955, 0.45
956, 0.49
957, 0.51
958, 0.48
959, 0.32
960, 0.42
961, 0.59
962, 0.48
963, 0.68
964, 0.51
965, 0.37
966, 0.46
967, 0.45
968, 0.39
969, 0.51
970, 0.44
971, 0.25
972, 0.51
973, 0.17
974, 0.53
975, 0.51
976, 0.56
977, 0.52
978, 0.35
979, 0.54
980, 0.46
981, 0.49
982, 0.51
983, 0.50
984, 0.50
985, 0.49
986, 0.34
987, 0.48
988, 0.61
989, 0.58
990, 0.25
991, 0.45
992, 0.41
993, 0.49
994, 0.28
995, 0.45
996, 0.53
997, 0.42
998, 0.27
999, 0.49
1000, 0.41
1001, 0.53
1002, 0.37
1003, 0.51
1004, 0.91
1005, 0.43
1006, 0.31
1007, 0.86
1008, 0.53
1009, 0.32
1010, 0.39
1011, 0.41
1012, 0.56
1013, 0.39
1014, 0.14
1015, 0.49
1016, 0.65
1017, 0.50
1018, 0.52
1019, 0.58
1020, 0.24
1021, 0.58
1022, 0.54
1023, 0.51
1024, 0.44
1025, 0.41
1026, 0.87
1027, 0.52
1028, 0.86
1029, 0.51
1030, 0.42
1031, 0.88
1032, 0.58
1033, 0.49
1034, 0.52
1035, 0.82
1036, 0.48
1037, 0.47
1038, 0.49
1039, 0.56
1040, 0.47
1041, 0.57
1042, 0.89
1043, 0.45
1044, 0.47
1045, 0.53
1046, 0.37
1047, 0.42
1048, 0.35
1049, 0.29
1050, 0.45
1051, 0.70
1052, 0.56
1053, 0.29
1054, 0.34
1055, 0.91
1056, 0.14
1057, 0.38
1058, 0.44
1059, 0.48
1060, 0.52
1061, 0.48
1062, 0.44
1063, 0.50
1064, 0.77
1065, 0.40
1066, 0.94
1067, 0.45
1068, 0.42
1069, 0.61
1070, 0.63
1071, 0.60
1072, 0.51
1073, 0.55
1074, 0.19
1075, 0.27
1076, 0.45
1077, 0.46
1078, 0.39
1079, 0.23
1080, 0.33
1081, 0.48
1082, 0.48
1083, 0.87
1084, 0.61
1085, 0.59
1086, 0.47
1087, 0.58
1088, 0.57
1089, 0.54
1090, 0.49
1091, 0.49
1092, 0.34
1093, 0.41
1094, 0.49
1095, 0.49
1096, 0.44
1097, 0.52
1098, 0.58
1099, 0.42
1100, 0.53
1101, 0.33
1102, 0.56
1103, 0.49
1104, 0.52
1105, 0.47
1106, 0.37
1107, 0.48
1108, 0.39
1109, 0.29
1110, 0.54
1111, 0.43
1112, 0.56
1113, 0.49
1114, 0.71
1115, 0.58
1116, 0.54
1117, 0.37
1118, 0.52
1119, 0.62
1120, 0.87
1121, 0.31
1122, 0.58
1123, 0.74
1124, 0.67
1125, 0.25
1126, 0.42
1127, 0.44
1128, 0.61
1129, 0.39
1130, 0.44
1131, 0.50
1132, 0.53
1133, 0.50
1134, 0.42
1135, 0.40
1136, 0.44
1137, 0.48
1138, 0.49
1139, 0.48
1140, 0.87
1141, 0.24
1142, 0.39
1143, 0.55
1144, 0.49
1145, 0.47
1146, 0.49
1147, 0.36
1148, 0.84
1149, 0.89
1150, 0.46
1151, 0.43
1152, 0.88
1153, 0.23
1154, 0.15
1155, 0.28
1156, 0.19
1157, 0.56
1158, 0.38
1159, 0.36
1160, 0.56
1161, 0.51
1162, 0.40
1163, 0.47
1164, 0.60
1165, 0.90
1166, 0.51
1167, 0.48
1168, 0.55
1169, 0.53
1170, 0.44
1171, 0.51
1172, 0.87
1173, 0.55
1174, 0.91
1175, 0.56
1176, 0.54
1177, 0.33
1178, 0.37
1179, 0.38
1180, 0.46
1181, 0.48
1182, 0.34
1183, 0.59
1184, 0.50
1185, 0.48
1186, 0.88
1187, 0.62
1188, 0.49
1189, 0.55
1190, 0.43
1191, 0.85
1192, 0.49
1193, 0.54
1194, 0.52
1195, 0.54
1196, 0.44
1197, 0.30
1198, 0.45
1199, 0.87
1200, 0.39
1201, 0.46
1202, 0.51
1203, 0.92
1204, 0.41
1205, 0.48
1206, 0.39
1207, 0.46
1208, 0.37
1209, 0.34
1210, 0.39
1211, 0.59
1212, 0.60
1213, 0.51
1214, 0.38
1215, 0.61
1216, 0.52
1217, 0.24
1218, 0.46
1219, 0.43
1220, 0.17
1221, 0.86
1222, 0.53
1223, 0.55
1224, 0.65
1225, 0.41
1226, 0.50
1227, 0.21
1228, 0.59
1229, 0.49
1230, 0.51
1231, 0.42
1232, 0.65
1233, 0.42
1234, 0.64
1235, 0.45
1236, 0.62
1237, 0.48
1238, 0.51
1239, 0.34
1240, 0.50
1241, 0.33
1242, 0.52
1243, 0.55
1244, 0.36
1245, 0.48
1246, 0.46
1247, 0.16
1248, 0.64
1249, 0.54
1250, 0.53
1251, 0.49
1252, 0.58
1253, 0.57
1254, 0.46
1255, 0.55
1256, 0.88
1257, 0.78
1258, 0.55
1259, 0.46
1260, 0.30
1261, 0.55
1262, 0.52
1263, 0.42
1264, 0.51
1265, 0.51
1266, 0.56
1267, 0.45
1268, 0.56
1269, 0.47
1270, 0.24
1271, 0.48
1272, 0.59
1273, 0.90
1274, 0.49
1275, 0.44
1276, 0.48
1277, 0.31
1278, 0.50
1279, 0.84
1280, 0.41
1281, 0.47
1282, 0.44
1283, 0.54
1284, 0.51
1285, 0.73
1286, 0.70
1287, 0.64
1288, 0.50
1289, 0.47
1290, 0.49
1291, 0.78
1292, 0.40
1293, 0.91
1294, 0.61
1295, 0.56
1296, 0.48
1297, 0.56
1298, 0.37
1299, 0.34
1300, 0.37
1301, 0.61
1302, 0.24
1303, 0.48
1304, 0.30
1305, 0.55
1306, 0.89
1307, 0.40
1308, 0.40
1309, 0.39
1310, 0.45
1311, 0.40
1312, 0.20
1313, 0.47
1314, 0.42
1315, 0.91
1316, 0.37
1317, 0.25
1318, 0.51
1319, 0.50
1320, 0.53
1321, 0.49
1322, 0.17
1323, 0.51
1324, 0.45
1325, 0.51
1326, 0.49
1327, 0.43
1328, 0.72
1329, 0.62
1330, 0.37
1331, 0.52
1332, 0.88
1333, 0.43
1334, 0.64
1335, 0.57
1336, 0.38
1337, 0.44
1338, 0.57
1339, 0.87
1340, 0.49
1341, 0.21
1342, 0.44
1343, 0.63
1344, 0.48
1345, 0.89
1346, 0.37
1347, 0.44
1348, 0.29
1349, 0.46
1350, 0.51
1351, 0.41
1352, 0.23
1353, 0.41
1354, 0.58
1355, 0.51
1356, 0.39
1357, 0.50
1358, 0.50
1359, 0.36
1360, 0.45
1361, 0.43
1362, 0.86
1363, 0.63
1364, 0.47
1365, 0.46
1366, 0.48
1367, 0.90
1368, 0.39
1369, 0.55
1370, 0.81
1371, 0.38
1372, 0.55
1373, 0.35
1374, 0.20
1375, 0.93
1376, 0.53
1377, 0.16
1378, 0.48
1379, 0.48
1380, 0.47
1381, 0.46
1382, 0.23
1383, 0.44
1384, 0.53
1385, 0.58
1386, 0.51
1387, 0.47
1388, 0.44
1389, 0.50
1390, 0.56
1391, 0.65
1392, 0.48
1393, 0.50
1394, 0.87
1395, 0.42
1396, 0.55
1397, 0.40
1398, 0.39
1399, 0.43
1400, 0.48
1401, 0.46
1402, 0.45
1403, 0.36
1404, 0.30
1405, 0.17
1406, 0.39
1407, 0.63
1408, 0.47
1409, 0.54
1410, 0.83
1411, 0.50
1412, 0.92
1413, 0.54
1414, 0.54
1415, 0.25
1416, 0.54
1417, 0.46
1418, 0.47
1419, 0.46
1420, 0.52
1421, 0.39
1422, 0.45
1423, 0.45
1424, 0.45
1425, 0.63
1426, 0.48
1427, 0.53
1428, 0.52
1429, 0.23
1430, 0.50
1431, 0.51
1432, 0.51
1433, 0.51
1434, 0.58
1435, 0.18
1436, 0.42
1437, 0.53
1438, 0.15
1439, 0.57
1440, 0.50
1441, 0.43
1442, 0.48
1443, 0.43
1444, 0.56
1445, 0.32
1446, 0.22
1447, 0.14
1448, 0.31
1449, 0.35
1450, 0.51
1451, 0.49
1452, 0.76
1453, 0.84
1454, 0.26
1455, 0.48
1456, 0.39
1457, 0.49
1458, 0.12
1459, 0.44
1460, 0.43
1461, 0.52
1462, 0.39
1463, 0.35
1464, 0.50
1465, 0.25
1466, 0.59
1467, 0.19
1468, 0.57
1469, 0.56
1470, 0.47
1471, 0.42
1472, 0.33
1473, 0.21
1474, 0.43
1475, 0.92
1476, 0.48
1477, 0.51
1478, 0.31
1479, 0.47
1480, 0.79
1481, 0.55
1482, 0.43
1483, 0.57
1484, 0.48
1485, 0.50
1486, 0.56
1487, 0.92
1488, 0.25
1489, 0.57
1490, 0.19
1491, 0.50
1492, 0.54
1493, 0.40
1494, 0.53
1495, 0.90
1496, 0.47
1497, 0.66
1498, 0.13
1499, 0.41
1500, 0.29
1501, 0.49
1502, 0.35
1503, 0.65
1504, 0.38
1505, 0.43
1506, 0.47
1507, 0.69
1508, 0.55
1509, 0.46
1510, 0.61
1511, 0.49
1512, 0.27
1513, 0.31
1514, 0.50
1515, 0.47
1516, 0.49
1517, 0.73
1518, 0.56
1519, 0.30
1520, 0.32
1521, 0.30
1522, 0.57
1523, 0.16
1524, 0.48
1525, 0.54
1526, 0.22
1527, 0.17
1528, 0.52
1529, 0.61
1530, 0.46
1531, 0.82
1532, 0.20
1533, 0.63
1534, 0.52
1535, 0.58
1536, 0.45
1537, 0.64
1538, 0.89
1539, 0.43
1540, 0.50
1541, 0.86
1542, 0.62
1543, 0.43
1544, 0.46
1545, 0.59
1546, 0.57
1547, 0.51
1548, 0.49
1549, 0.56
1550, 0.25
1551, 0.49
1552, 0.56
1553, 0.37
1554, 0.49
1555, 0.25
1556, 0.39
1557, 0.91
1558, 0.48
1559, 0.41
1560, 0.75
1561, 0.45
1562, 0.27
1563, 0.19
1564, 0.79
1565, 0.75
1566, 0.52
1567, 0.57
1568, 0.52
1569, 0.87
1570, 0.56
1571, 0.84
1572, 0.87
1573, 0.15
1574, 0.24
1575, 0.40
1576, 0.77
1577, 0.87
1578, 0.91
1579, 0.49
1580, 0.33
1581, 0.43
1582, 0.43
1583, 0.53
1584, 0.28
1585, 0.48
1586, 0.28
1587, 0.50
1588, 0.56
1589, 0.69
1590, 0.38
1591, 0.77
1592, 0.51
1593, 0.50
1594, 0.48
1595, 0.33
1596, 0.53
1597, 0.56
1598, 0.67
1599, 0.60
1600, 0.16
1601, 0.42
1602, 0.60
1603, 0.52
1604, 0.50
1605, 0.19
1606, 0.63
1607, 0.50
1608, 0.46
1609, 0.33
1610, 0.55
1611, 0.46
1612, 0.42
1613, 0.20
1614, 0.69
1615, 0.86
1616, 0.61
1617, 0.54
1618, 0.79
1619, 0.49
1620, 0.88
1621, 0.50
1622, 0.81
1623, 0.50
1624, 0.60
1625, 0.56
1626, 0.45
1627, 0.57
1628, 0.61
1629, 0.47
1630, 0.62
1631, 0.49
1632, 0.40
1633, 0.41
1634, 0.55
1635, 0.44
1636, 0.88
1637, 0.56
1638, 0.48
1639, 0.45
1640, 0.13
1641, 0.42
1642, 0.86
1643, 0.53
1644, 0.49
1645, 0.35
1646, 0.24
1647, 0.91
1648, 0.65
1649, 0.22
1650, 0.49
1651, 0.46
1652, 0.27
1653, 0.90
1654, 0.36
1655, 0.52
1656, 0.42
1657, 0.35
1658, 0.48
1659, 0.55
1660, 0.53
1661, 0.13
1662, 0.39
1663, 0.55
1664, 0.48
1665, 0.89
1666, 0.44
1667, 0.53
1668, 0.31
1669, 0.50
1670, 0.54
1671, 0.87
1672, 0.37
1673, 0.56
1674, 0.65
1675, 0.15
1676, 0.42
1677, 0.60
1678, 0.50
1679, 0.75
1680, 0.49
1681, 0.45
1682, 0.71
1683, 0.37
1684, 0.40
1685, 0.64
1686, 0.64
1687, 0.44
1688, 0.21
1689, 0.47
1690, 0.55
1691, 0.56
1692, 0.49
1693, 0.15
1694, 0.59
1695, 0.50
1696, 0.47
1697, 0.88
1698, 0.39
1699, 0.53
1700, 0.45
1701, 0.53
1702, 0.68
1703, 0.88
1704, 0.33
1705, 0.44
1706, 0.86
1707, 0.43
1708, 0.48
1709, 0.55
1710, 0.35
1711, 0.55
1712, 0.48
1713, 0.53
1714, 0.52
1715, 0.85
1716, 0.75
1717, 0.53
1718, 0.19
1719, 0.41
1720, 0.43
1721, 0.44
1722, 0.51
1723, 0.44
1724, 0.43
1725, 0.53
1726, 0.78
1727, 0.46
1728, 0.48
1729, 0.80
1730, 0.38
1731, 0.42
1732, 0.50
1733, 0.57
1734, 0.40
1735, 0.51
1736, 0.45
1737, 0.28
1738, 0.77
1739, 0.44
1740, 0.78
1741, 0.56
1742, 0.44
1743, 0.29
1744, 0.30
1745, 0.50
1746, 0.50
1747, 0.49
1748, 0.48
1749, 0.49
1750, 0.59
1751, 0.35
1752, 0.49
1753, 0.56
1754, 0.79
1755, 0.73
1756, 0.41
1757, 0.85
1758, 0.49
1759, 0.59
1760, 0.53
1761, 0.62
1762, 0.45
1763, 0.57
1764, 0.69
1765, 0.60
1766, 0.55
1767, 0.78
1768, 0.37
1769, 0.50
1770, 0.43
1771, 0.32
1772, 0.41
1773, 0.49
1774, 0.44
1775, 0.51
1776, 0.48
1777, 0.47
1778, 0.55
1779, 0.41
1780, 0.85
1781, 0.63
1782, 0.45
1783, 0.49
1784, 0.22
1785, 0.52
1786, 0.50
1787, 0.82
1788, 0.50
1789, 0.43
1790, 0.50
1791, 0.21
1792, 0.45
1793, 0.49
1794, 0.35
1795, 0.15
1796, 0.33
1797, 0.56
1798, 0.37
1799, 0.49
1800, 0.83
1801, 0.47
1802, 0.51
1803, 0.52
1804, 0.36
1805, 0.46
1806, 0.87
1807, 0.50
1808, 0.48
1809, 0.52
1810, 0.52
1811, 0.50
1812, 0.65
1813, 0.58
1814, 0.41
1815, 0.54
1816, 0.29
1817, 0.53
1818, 0.56
1819, 0.49
1820, 0.50
1821, 0.55
1822, 0.48
1823, 0.21
1824, 0.45
1825, 0.49
1826, 0.52
1827, 0.24
1828, 0.25
1829, 0.49
1830, 0.50
1831, 0.51
1832, 0.29
1833, 0.90
1834, 0.45
1835, 0.38
1836, 0.64
1837, 0.45
1838, 0.45
1839, 0.30
1840, 0.33
1841, 0.47
1842, 0.39
1843, 0.29
1844, 0.48
1845, 0.45
1846, 0.70
1847, 0.39
1848, 0.49
1849, 0.42
1850, 0.52
1851, 0.49
1852, 0.53
1853, 0.59
1854, 0.60
1855, 0.46
1856, 0.56
1857, 0.23
1858, 0.25
1859, 0.63
1860, 0.23
1861, 0.49
1862, 0.78
1863, 0.14
1864, 0.36
1865, 0.48
1866, 0.56
1867, 0.52
1868, 0.42
1869, 0.58
1870, 0.44
1871, 0.48
1872, 0.46
1873, 0.52
1874, 0.44
1875, 0.57
1876, 0.90
1877, 0.51
1878, 0.47
1879, 0.65
1880, 0.89
1881, 0.67
1882, 0.60
1883, 0.27
1884, 0.67
1885, 0.20
1886, 0.41
1887, 0.18
1888, 0.47
1889, 0.51
1890, 0.59
1891, 0.56
1892, 0.87
1893, 0.49
1894, 0.19
1895, 0.56
1896, 0.48
1897, 0.51
1898, 0.38
1899, 0.82
1900, 0.49
1901, 0.39
1902, 0.84
1903, 0.53
1904, 0.46
1905, 0.50
1906, 0.51
1907, 0.86
1908, 0.55
1909, 0.57
1910, 0.43
1911, 0.42
1912, 0.81
1913, 0.50
1914, 0.41
1915, 0.37
1916, 0.49
1917, 0.51
1918, 0.31
1919, 0.74
1920, 0.42
1921, 0.86
1922, 0.65
1923, 0.45
1924, 0.92
1925, 0.35
1926, 0.46
1927, 0.49
1928, 0.46
1929, 0.42
1930, 0.25
1931, 0.41
1932, 0.38
1933, 0.52
1934, 0.49
1935, 0.48
1936, 0.50
1937, 0.56
1938, 0.50
1939, 0.50
1940, 0.51
1941, 0.50
1942, 0.51
1943, 0.59
1944, 0.90
1945, 0.39
1946, 0.66
1947, 0.22
1948, 0.45
1949, 0.76
1950, 0.54
1951, 0.48
1952, 0.53
1953, 0.71
1954, 0.52
1955, 0.44
1956, 0.64
1957, 0.47
1958, 0.60
1959, 0.50
1960, 0.30
1961, 0.87
1962, 0.63
1963, 0.53
1964, 0.58
1965, 0.47
1966, 0.33
1967, 0.54
1968, 0.28
1969, 0.44
1970, 0.90
1971, 0.58
1972, 0.86
1973, 0.48
1974, 0.50
1975, 0.54
1976, 0.38
1977, 0.45
1978, 0.47
1979, 0.56
1980, 0.47
1981, 0.56
1982, 0.38
1983, 0.35
1984, 0.51
1985, 0.48
1986, 0.75
1987, 0.45
1988, 0.50
1989, 0.54
1990, 0.55
1991, 0.53
1992, 0.67
1993, 0.52
1994, 0.59
1995, 0.50
1996, 0.47
1997, 0.45
1998, 0.60
1999, 0.45
2000, 0.51
2001, 0.15
2002, 0.39
2003, 0.44
2004, 0.81
2005, 0.87
2006, 0.56
2007, 0.68
2008, 0.50
2009, 0.48
2010, 0.88
2011, 0.61
2012, 0.63
2013, 0.46
2014, 0.54
2015, 0.63
2016, 0.51
2017, 0.37
2018, 0.69
2019, 0.46
2020, 0.30
2021, 0.47
2022, 0.41
2023, 0.28
2024, 0.42
2025, 0.45
2026, 0.51
2027, 0.80
2028, 0.54
2029, 0.90
2030, 0.25
2031, 0.55
2032, 0.41
2033, 0.33
2034, 0.47
2035, 0.51
2036, 0.49
2037, 0.34
2038, 0.56
2039, 0.51
2040, 0.15
2041, 0.37
2042, 0.54
2043, 0.50
2044, 0.40
2045, 0.43
2046, 0.67
2047, 0.52
2048, 0.48
2049, 0.48
2050, 0.33
2051, 0.23
2052, 0.46
2053, 0.57
2054, 0.43
2055, 0.48
2056, 0.50
2057, 0.43
2058, 0.42
2059, 0.50
2060, 0.34
2061, 0.51
2062, 0.33
2063, 0.47
2064, 0.45
2065, 0.87
2066, 0.23
2067, 0.56
2068, 0.30
2069, 0.15
2070, 0.52
2071, 0.47
2072, 0.16
2073, 0.45
2074, 0.41
2075, 0.46
2076, 0.49
2077, 0.41
2078, 0.48
2079, 0.49
2080, 0.57
2081, 0.80
2082, 0.52
2083, 0.36
2084, 0.54
2085, 0.31
2086, 0.36
2087, 0.89
2088, 0.61
2089, 0.53
2090, 0.48
2091, 0.53
2092, 0.61
2093, 0.52
2094, 0.38
2095, 0.43
2096, 0.40
2097, 0.29
2098, 0.29
2099, 0.45
2100, 0.29
2101, 0.38
2102, 0.40
2103, 0.52
2104, 0.18
2105, 0.70
2106, 0.74
2107, 0.86
2108, 0.42
2109, 0.62
2110, 0.64
2111, 0.56
2112, 0.44
2113, 0.44
2114, 0.18
2115, 0.88
2116, 0.30
2117, 0.57
2118, 0.19
2119, 0.53
2120, 0.45
2121, 0.46
2122, 0.50
2123, 0.48
2124, 0.72
2125, 0.50
2126, 0.52
2127, 0.55
2128, 0.53
2129, 0.43
2130, 0.59
2131, 0.41
2132, 0.47
2133, 0.89
2134, 0.90
2135, 0.58
2136, 0.56
2137, 0.85
2138, 0.51
2139, 0.46
2140, 0.35
2141, 0.92
2142, 0.42
2143, 0.53
2144, 0.44
2145, 0.49
2146, 0.55
2147, 0.54
2148, 0.57
2149, 0.27
2150, 0.20
2151, 0.60
2152, 0.50
2153, 0.43
2154, 0.82
2155, 0.51
2156, 0.47
2157, 0.50
2158, 0.49
2159, 0.57
2160, 0.66
2161, 0.64
2162, 0.48
2163, 0.14
2164, 0.30
2165, 0.51
2166, 0.62
2167, 0.58
2168, 0.87
2169, 0.53
2170, 0.35
2171, 0.47
2172, 0.42
2173, 0.56
2174, 0.48
2175, 0.52
2176, 0.57
2177, 0.54
2178, 0.48
2179, 0.50
2180, 0.54
2181, 0.50
2182, 0.91
2183, 0.56
2184, 0.42
2185, 0.52
2186, 0.56
2187, 0.28
2188, 0.63
2189, 0.42
2190, 0.31
2191, 0.20
2192, 0.32
2193, 0.85
2194, 0.41
2195, 0.42
2196, 0.87
2197, 0.14
2198, 0.47
2199, 0.33
2200, 0.44
2201, 0.48
2202, 0.86
2203, 0.81
2204, 0.62
2205, 0.39
2206, 0.18
2207, 0.42
2208, 0.23
2209, 0.26
2210, 0.86
2211, 0.26
2212, 0.65
2213, 0.48
2214, 0.18
2215, 0.45
2216, 0.33
2217, 0.89
2218, 0.52
2219, 0.48
2220, 0.57
2221, 0.50
2222, 0.49
2223, 0.51
2224, 0.29
2225, 0.52
2226, 0.57
2227, 0.52
2228, 0.32
2229, 0.39
2230, 0.48
2231, 0.50
2232, 0.82
2233, 0.46
2234, 0.50
2235, 0.53
2236, 0.35
2237, 0.47
2238, 0.37
2239, 0.43
2240, 0.50
2241, 0.49
2242, 0.57
2243, 0.89
2244, 0.20
2245, 0.56
2246, 0.50
2247, 0.34
2248, 0.30
2249, 0.47
2250, 0.77
2251, 0.42
2252, 0.54
2253, 0.48
2254, 0.14
2255, 0.83
2256, 0.40
2257, 0.48
2258, 0.43
2259, 0.20
2260, 0.69
2261, 0.83
2262, 0.55
2263, 0.45
2264, 0.19
2265, 0.45
2266, 0.56
2267, 0.26
2268, 0.90
2269, 0.62
2270, 0.40
2271, 0.49
2272, 0.68
2273, 0.34
2274, 0.30
2275, 0.70
2276, 0.49
2277, 0.41
2278, 0.62
2279, 0.20
2280, 0.58
2281, 0.56
2282, 0.56
2283, 0.57
2284, 0.58
2285, 0.51
2286, 0.48
2287, 0.38
2288, 0.45
2289, 0.59
2290, 0.92
2291, 0.42
2292, 0.76
2293, 0.91
2294, 0.61
2295, 0.63
2296, 0.71
2297, 0.61
2298, 0.51
2299, 0.18
2300, 0.79
2301, 0.39
2302, 0.13
2303, 0.48
2304, 0.48
2305, 0.50
2306, 0.31
2307, 0.58
2308, 0.56
2309, 0.66
2310, 0.44
2311, 0.51
2312, 0.46
2313, 0.46
2314, 0.56
2315, 0.40
2316, 0.24
2317, 0.67
2318, 0.67
2319, 0.48
2320, 0.56
2321, 0.28
2322, 0.28
2323, 0.33
2324, 0.39
2325, 0.45
2326, 0.23
2327, 0.29
2328, 0.36
2329, 0.21
2330, 0.48
2331, 0.45
2332, 0.46
2333, 0.71
2334, 0.35
2335, 0.39
2336, 0.91
2337, 0.48
2338, 0.55
2339, 0.50
2340, 0.39
2341, 0.60
2342, 0.25
2343, 0.88
2344, 0.44
2345, 0.50
2346, 0.62
2347, 0.54
2348, 0.55
2349, 0.50
2350, 0.43
2351, 0.86
2352, 0.47
2353, 0.42
2354, 0.59
2355, 0.52
2356, 0.29
2357, 0.78
2358, 0.44
2359, 0.16
2360, 0.35
2361, 0.89
2362, 0.50
2363, 0.91
2364, 0.55
2365, 0.60
2366, 0.44
2367, 0.13
2368, 0.48
2369, 0.43
2370, 0.48
2371, 0.49
2372, 0.42
2373, 0.48
2374, 0.37
2375, 0.51
2376, 0.48
2377, 0.47
2378, 0.48
2379, 0.57
2380, 0.43
2381, 0.15
2382, 0.53
2383, 0.48
2384, 0.50
2385, 0.72
2386, 0.52
2387, 0.91
2388, 0.41
2389, 0.77
2390, 0.47
2391, 0.46
2392, 0.81
2393, 0.42
2394, 0.16
2395, 0.53
2396, 0.40
2397, 0.34
2398, 0.90
2399, 0.28
2400, 0.51
2401, 0.43
2402, 0.47
2403, 0.37
2404, 0.30
2405, 0.52
2406, 0.53
2407, 0.30
2408, 0.93
2409, 0.32
2410, 0.52
2411, 0.47
2412, 0.78
2413, 0.50
2414, 0.48
2415, 0.39
2416, 0.49
2417, 0.61
2418, 0.49
2419, 0.93
2420, 0.55
2421, 0.90
2422, 0.58
2423, 0.46
2424, 0.47
2425, 0.51
2426, 0.36
2427, 0.64
2428, 0.43
2429, 0.50
2430, 0.44
2431, 0.53
2432, 0.63
2433, 0.87
2434, 0.45
2435, 0.41
2436, 0.35
2437, 0.45
2438, 0.45
2439, 0.44
2440, 0.35
2441, 0.21
2442, 0.61
2443, 0.51
2444, 0.30
2445, 0.42
2446, 0.43
2447, 0.47
2448, 0.50
2449, 0.71
2450, 0.49
2451, 0.40
2452, 0.31
2453, 0.46
2454, 0.41
2455, 0.52
2456, 0.84
2457, 0.48
2458, 0.43
2459, 0.38
2460, 0.79
2461, 0.89
2462, 0.46
2463, 0.81
2464, 0.55
2465, 0.39
2466, 0.28
2467, 0.69
2468, 0.49
2469, 0.41
2470, 0.52
2471, 0.49
2472, 0.46
2473, 0.53
2474, 0.49
2475, 0.52
2476, 0.63
2477, 0.47
2478, 0.23
2479, 0.88
2480, 0.70
2481, 0.41
2482, 0.76
2483, 0.49
2484, 0.60
2485, 0.32
2486, 0.68
2487, 0.57
2488, 0.50
2489, 0.51
2490, 0.48
2491, 0.49
2492, 0.50
2493, 0.61
2494, 0.55
2495, 0.34
2496, 0.48
2497, 0.41
2498, 0.86
2499, 0.40
2500, 0.52
2501, 0.41
2502, 0.23
2503, 0.26
2504, 0.49
2505, 0.63
2506, 0.50
2507, 0.64
2508, 0.50
2509, 0.32
2510, 0.48
2511, 0.48
2512, 0.48
2513, 0.92
2514, 0.88
2515, 0.59
2516, 0.90
2517, 0.44
2518, 0.42
2519, 0.22
2520, 0.49
2521, 0.38
2522, 0.53
2523, 0.52
2524, 0.46
2525, 0.53
2526, 0.15
2527, 0.58
2528, 0.45
2529, 0.50
2530, 0.59
2531, 0.50
2532, 0.54
2533, 0.46
2534, 0.48
2535, 0.17
2536, 0.34
2537, 0.52
2538, 0.49
2539, 0.60
2540, 0.40
2541, 0.85
2542, 0.26
2543, 0.66
2544, 0.50
2545, 0.53
2546, 0.23
2547, 0.43
2548, 0.56
2549, 0.45
2550, 0.90
2551, 0.48
2552, 0.59
2553, 0.86
2554, 0.47
2555, 0.51
2556, 0.31
2557, 0.48
2558, 0.50
2559, 0.48
2560, 0.46
2561, 0.20
2562, 0.82
2563, 0.86
2564, 0.25
2565, 0.48
2566, 0.46
2567, 0.46
2568, 0.51
2569, 0.80
2570, 0.36
2571, 0.28
2572, 0.55
2573, 0.84
2574, 0.45
2575, 0.46
2576, 0.70
2577, 0.38
2578, 0.52
2579, 0.47
2580, 0.34
2581, 0.50
2582, 0.39
2583, 0.55
2584, 0.43
2585, 0.43
2586, 0.58
2587, 0.51
2588, 0.20
2589, 0.50
2590, 0.41
2591, 0.48
2592, 0.49
2593, 0.43
2594, 0.51
2595, 0.69
2596, 0.27
2597, 0.42
2598, 0.41
2599, 0.29
2600, 0.51
2601, 0.43
2602, 0.46
2603, 0.52
2604, 0.38
2605, 0.38
2606, 0.86
2607, 0.49
2608, 0.53
2609, 0.53
2610, 0.25
2611, 0.30
2612, 0.52
2613, 0.55
2614, 0.32
2615, 0.57
2616, 0.58
2617, 0.87
2618, 0.55
2619, 0.25
2620, 0.51
2621, 0.37
2622, 0.79
2623, 0.48
2624, 0.30
2625, 0.41
2626, 0.82
2627, 0.88
2628, 0.67
2629, 0.43
2630, 0.64
2631, 0.46
2632, 0.62
2633, 0.92
2634, 0.54
2635, 0.34
2636, 0.44
2637, 0.48
2638, 0.23
2639, 0.46
2640, 0.56
2641, 0.48
2642, 0.51
2643, 0.48
2644, 0.39
2645, 0.54
2646, 0.32
2647, 0.51
2648, 0.63
2649, 0.52
2650, 0.62
2651, 0.42
2652, 0.50
2653, 0.14
2654, 0.67
2655, 0.55
2656, 0.61
2657, 0.92
2658, 0.58
2659, 0.49
2660, 0.57
2661, 0.50
2662, 0.84
2663, 0.56
2664, 0.46
2665, 0.60
2666, 0.50
2667, 0.36
2668, 0.58
2669, 0.17
2670, 0.48
2671, 0.93
2672, 0.38
2673, 0.37
2674, 0.54
2675, 0.13
2676, 0.36
2677, 0.44
2678, 0.81
2679, 0.53
2680, 0.47
2681, 0.82
2682, 0.58
2683, 0.75
2684, 0.45
2685, 0.40
2686, 0.76
2687, 0.56
2688, 0.36
2689, 0.52
2690, 0.38
2691, 0.58
2692, 0.47
2693, 0.16
2694, 0.47
2695, 0.40
2696, 0.44
2697, 0.50
2698, 0.57
2699, 0.64
2700, 0.42
2701, 0.36
2702, 0.45
2703, 0.41
2704, 0.45
2705, 0.53
2706, 0.89
2707, 0.45
2708, 0.62
2709, 0.63
2710, 0.71
2711, 0.38
2712, 0.76
2713, 0.54
2714, 0.44
2715, 0.53
2716, 0.42
2717, 0.22
2718, 0.62
2719, 0.61
2720, 0.55
2721, 0.83
2722, 0.50
2723, 0.64
2724, 0.53
2725, 0.21
2726, 0.56
2727, 0.51
2728, 0.49
2729, 0.47
2730, 0.52
2731, 0.49
2732, 0.64
2733, 0.28
2734, 0.52
2735, 0.48
2736, 0.51
2737, 0.45
2738, 0.48
2739, 0.42
2740, 0.49
2741, 0.72
2742, 0.40
2743, 0.62
2744, 0.18
2745, 0.50
2746, 0.54
2747, 0.46
2748, 0.61
2749, 0.51
2750, 0.57
2751, 0.48
2752, 0.36
2753, 0.61
2754, 0.53
2755, 0.75
2756, 0.23
2757, 0.53
2758, 0.94
2759, 0.51
2760, 0.49
2761, 0.47
2762, 0.48
2763, 0.40
2764, 0.52
2765, 0.56
2766, 0.46
2767, 0.38
2768, 0.62
2769, 0.46
2770, 0.47
2771, 0.26
2772, 0.44
2773, 0.52
2774, 0.72
2775, 0.38
2776, 0.79
2777, 0.87
2778, 0.56
2779, 0.42
2780, 0.48
2781, 0.56
2782, 0.27
2783, 0.56
2784, 0.79
2785, 0.46
2786, 0.88
2787, 0.62
2788, 0.46
2789, 0.45
2790, 0.47
2791, 0.49
2792, 0.91
2793, 0.55
2794, 0.49
2795, 0.55
2796, 0.53
2797, 0.54
2798, 0.59
2799, 0.50
2800, 0.41
2801, 0.18
2802, 0.38
2803, 0.59
2804, 0.20
2805, 0.46
2806, 0.28
2807, 0.49
2808, 0.58
2809, 0.41
2810, 0.31
2811, 0.25
2812, 0.38
2813, 0.47
2814, 0.46
2815, 0.57
2816, 0.49
2817, 0.40
2818, 0.37
2819, 0.49
2820, 0.88
2821, 0.49
2822, 0.51
2823, 0.12
2824, 0.54
2825, 0.26
2826, 0.87
2827, 0.39
2828, 0.43
2829, 0.54
2830, 0.39
2831, 0.56
2832, 0.49
2833, 0.43
2834, 0.89
2835, 0.52
2836, 0.23
2837, 0.84
2838, 0.49
2839, 0.44
2840, 0.52
2841, 0.30
2842, 0.52
2843, 0.52
2844, 0.45
2845, 0.45
2846, 0.45
2847, 0.40
2848, 0.73
2849, 0.58
2850, 0.49
2851, 0.66
2852, 0.29
2853, 0.64
2854, 0.44
2855, 0.51
2856, 0.22
2857, 0.87
2858, 0.47
2859, 0.35
2860, 0.47
2861, 0.43
2862, 0.48
2863, 0.52
2864, 0.69
2865, 0.68
2866, 0.49
2867, 0.43
2868, 0.52
2869, 0.49
2870, 0.38
2871, 0.15
2872, 0.44
2873, 0.48
2874, 0.46
2875, 0.50
2876, 0.23
2877, 0.44
2878, 0.56
2879, 0.50
2880, 0.79
2881, 0.53
2882, 0.84
2883, 0.89
2884, 0.81
2885, 0.45
2886, 0.50
2887, 0.55
2888, 0.49
2889, 0.57
2890, 0.50
2891, 0.58
2892, 0.43
2893, 0.60
2894, 0.46
2895, 0.58
2896, 0.86
2897, 0.17
2898, 0.89
2899, 0.49
2900, 0.47
2901, 0.44
2902, 0.89
2903, 0.89
2904, 0.39
2905, 0.41
2906, 0.52
2907, 0.54
2908, 0.50
2909, 0.30
2910, 0.90
2911, 0.51
2912, 0.34
2913, 0.48
2914, 0.42
2915, 0.85
2916, 0.40
2917, 0.25
2918, 0.60
2919, 0.42
2920, 0.35
2921, 0.84
2922, 0.49
2923, 0.47
2924, 0.41
2925, 0.46
2926, 0.41
2927, 0.53
2928, 0.50
2929, 0.49
2930, 0.34
2931, 0.44
2932, 0.47
2933, 0.48
2934, 0.47
2935, 0.52
2936, 0.52
2937, 0.46
2938, 0.76
2939, 0.21
2940, 0.51
2941, 0.37
2942, 0.42
2943, 0.64
2944, 0.52
2945, 0.16
2946, 0.56
2947, 0.49
2948, 0.90
2949, 0.89
2950, 0.19
2951, 0.45
2952, 0.58
2953, 0.50
2954, 0.88
2955, 0.32
2956, 0.50
2957, 0.86
2958, 0.40
2959, 0.28
2960, 0.51
2961, 0.47
2962, 0.47
2963, 0.48
2964, 0.52
2965, 0.42
2966, 0.50
2967, 0.48
2968, 0.35
2969, 0.56
2970, 0.20
2971, 0.50
2972, 0.27
2973, 0.88
2974, 0.63
2975, 0.25
2976, 0.69
2977, 0.48
2978, 0.48
2979, 0.40
2980, 0.49
2981, 0.50
2982, 0.44
2983, 0.39
2984, 0.46
2985, 0.53
2986, 0.57
2987, 0.23
2988, 0.47
2989, 0.26
2990, 0.50
2991, 0.50
2992, 0.74
2993, 0.44
2994, 0.50
2995, 0.66
2996, 0.40
2997, 0.57
2998, 0.44
2999, 0.56
3000, 0.33
3001, 0.47
3002, 0.49
3003, 0.86
3004, 0.77
3005, 0.41
3006, 0.36
3007, 0.53
3008, 0.39
3009, 0.38
3010, 0.47
3011, 0.39
3012, 0.52
3013, 0.49
3014, 0.47
3015, 0.50
3016, 0.35
3017, 0.59
3018, 0.50
3019, 0.44
3020, 0.51
3021, 0.58
3022, 0.50
3023, 0.63
3024, 0.56
3025, 0.50
3026, 0.42
3027, 0.44
3028, 0.42
3029, 0.33
3030, 0.50
3031, 0.83
3032, 0.51
3033, 0.56
3034, 0.37
3035, 0.52
3036, 0.58
3037, 0.42
3038, 0.43
3039, 0.60
3040, 0.61
3041, 0.24
3042, 0.26
3043, 0.46
3044, 0.59
3045, 0.63
3046, 0.57
3047, 0.19
3048, 0.39
3049, 0.31
3050, 0.20
3051, 0.56
3052, 0.66
3053, 0.40
3054, 0.33
3055, 0.43
3056, 0.36
3057, 0.50
3058, 0.63
3059, 0.42
3060, 0.47
3061, 0.60
3062, 0.42
3063, 0.42
3064, 0.17
3065, 0.38
3066, 0.49
3067, 0.54
3068, 0.50
3069, 0.50
3070, 0.57
3071, 0.33
3072, 0.69
3073, 0.35
3074, 0.43
3075, 0.28
3076, 0.45
3077, 0.23
3078, 0.53
3079, 0.39
3080, 0.54
3081, 0.90
3082, 0.90
3083, 0.32
3084, 0.50
3085, 0.38
3086, 0.49
3087, 0.47
3088, 0.52
3089, 0.89
3090, 0.53
3091, 0.48
3092, 0.32
3093, 0.48
3094, 0.88
3095, 0.57
3096, 0.43
3097, 0.40
3098, 0.52
3099, 0.50
3100, 0.89
3101, 0.43
3102, 0.22
3103, 0.43
3104, 0.14
3105, 0.38
3106, 0.44
3107, 0.47
3108, 0.48
3109, 0.39
3110, 0.88
3111, 0.54
3112, 0.48
3113, 0.56
3114, 0.37
3115, 0.49
3116, 0.38
3117, 0.44
3118, 0.44
3119, 0.45
3120, 0.44
3121, 0.42
3122, 0.28
3123, 0.50
3124, 0.81
3125, 0.51
3126, 0.51
3127, 0.45
3128, 0.36
3129, 0.48
3130, 0.64
3131, 0.43
3132, 0.52
3133, 0.74
3134, 0.51
3135, 0.55
3136, 0.42
3137, 0.47
3138, 0.53
3139, 0.32
3140, 0.45
3141, 0.50
3142, 0.74
3143, 0.48
3144, 0.63
3145, 0.17
3146, 0.49
3147, 0.42
3148, 0.50
3149, 0.47
3150, 0.57
3151, 0.54
3152, 0.54
3153, 0.42
3154, 0.72
3155, 0.34
3156, 0.51
3157, 0.57
3158, 0.49
3159, 0.84
3160, 0.89
3161, 0.32
3162, 0.59
3163, 0.33
3164, 0.91
3165, 0.61
3166, 0.57
3167, 0.12
3168, 0.58
3169, 0.55
3170, 0.54
3171, 0.54
3172, 0.53
3173, 0.85
3174, 0.47
3175, 0.57
3176, 0.72
3177, 0.35
3178, 0.41
3179, 0.21
3180, 0.26
3181, 0.54
3182, 0.60
3183, 0.52
3184, 0.50
3185, 0.41
3186, 0.16
3187, 0.45
3188, 0.46
3189, 0.50
3190, 0.51
3191, 0.88
3192, 0.48
3193, 0.34
3194, 0.92
3195, 0.24
3196, 0.43
3197, 0.51
3198, 0.46
3199, 0.41
3200, 0.61
3201, 0.55
3202, 0.46
3203, 0.53
3204, 0.88
3205, 0.40
3206, 0.50
3207, 0.89
3208, 0.42
3209, 0.52
3210, 0.31
3211, 0.92
3212, 0.87
3213, 0.19
3214, 0.37
3215, 0.78
3216, 0.18
3217, 0.50
3218, 0.65
3219, 0.39
3220, 0.55
3221, 0.47
3222, 0.88
3223, 0.54
3224, 0.50
3225, 0.53
3226, 0.60
3227, 0.48
3228, 0.43
3229, 0.51
3230, 0.40
3231, 0.52
3232, 0.87
3233, 0.46
3234, 0.57
3235, 0.37
3236, 0.53
3237, 0.52
3238, 0.55
3239, 0.63
3240, 0.41
3241, 0.35
3242, 0.36
3243, 0.29
3244, 0.53
3245, 0.49
3246, 0.61
3247, 0.83
3248, 0.49
3249, 0.60
3250, 0.26
3251, 0.51
3252, 0.82
3253, 0.54
3254, 0.92
3255, 0.54
3256, 0.41
3257, 0.51
3258, 0.86
3259, 0.38
3260, 0.17
3261, 0.20
3262, 0.44
3263, 0.53
3264, 0.33
3265, 0.58
3266, 0.62
3267, 0.21
3268, 0.54
3269, 0.61
3270, 0.56
3271, 0.30
3272, 0.47
3273, 0.41
3274, 0.87
3275, 0.73
3276, 0.35
3277, 0.49
3278, 0.48
3279, 0.84
3280, 0.63
3281, 0.40
3282, 0.53
3283, 0.24
3284, 0.51
3285, 0.50
3286, 0.92
3287, 0.57
3288, 0.46
3289, 0.51
3290, 0.21
3291, 0.67
3292, 0.90
3293, 0.67
3294, 0.39
3295, 0.34
3296, 0.49
3297, 0.44
3298, 0.56
3299, 0.47
3300, 0.49
3301, 0.52
3302, 0.45
3303, 0.45
3304, 0.51
3305, 0.28
3306, 0.37
3307, 0.50
3308, 0.45
3309, 0.50
3310, 0.90
3311, 0.46
3312, 0.52
3313, 0.88
3314, 0.57
3315, 0.32
3316, 0.41
3317, 0.52
3318, 0.57
3319, 0.28
3320, 0.38
3321, 0.50
3322, 0.50
3323, 0.58
3324, 0.48
3325, 0.37
3326, 0.23
3327, 0.15
3328, 0.56
3329, 0.19
3330, 0.47
3331, 0.54
3332, 0.51
3333, 0.43
3334, 0.52
3335, 0.81
3336, 0.23
3337, 0.37
3338, 0.17
3339, 0.66
3340, 0.81
3341, 0.45
3342, 0.76
3343, 0.19
3344, 0.48
3345, 0.66
3346, 0.58
3347, 0.48
3348, 0.34
3349, 0.57
3350, 0.33
3351, 0.48
3352, 0.22
3353, 0.36
3354, 0.45
3355, 0.20
3356, 0.67
3357, 0.52
3358, 0.24
3359, 0.53
3360, 0.54
3361, 0.64
3362, 0.47
3363, 0.44
3364, 0.46
3365, 0.50
3366, 0.49
3367, 0.44
3368, 0.27
3369, 0.62
3370, 0.51
3371, 0.24
3372, 0.40
3373, 0.47
3374, 0.52
3375, 0.49
3376, 0.36
3377, 0.74
3378, 0.42
3379, 0.45
3380, 0.28
3381, 0.35
3382, 0.27
3383, 0.43
3384, 0.18
3385, 0.46
3386, 0.73
3387, 0.54
3388, 0.45
3389, 0.48
3390, 0.52
3391, 0.46
3392, 0.53
3393, 0.24
3394, 0.35
3395, 0.51
3396, 0.90
3397, 0.44
3398, 0.42
3399, 0.54
3400, 0.90
3401, 0.50
3402, 0.58
3403, 0.43
3404, 0.51
3405, 0.39
3406, 0.48
3407, 0.26
3408, 0.29
3409, 0.25
3410, 0.51
3411, 0.48
3412, 0.72
3413, 0.61
3414, 0.89
3415, 0.49
3416, 0.19
3417, 0.56
3418, 0.48
3419, 0.48
3420, 0.28
3421, 0.21
3422, 0.59
3423, 0.29
3424, 0.50
3425, 0.93
3426, 0.64
3427, 0.50
3428, 0.42
3429, 0.62
3430, 0.54
3431, 0.75
3432, 0.32
3433, 0.49
3434, 0.39
3435, 0.52
3436, 0.48
3437, 0.93
3438, 0.27
3439, 0.32
3440, 0.29
3441, 0.47
3442, 0.22
3443, 0.32
3444, 0.41
3445, 0.49
3446, 0.57
3447, 0.63
3448, 0.68
3449, 0.57
3450, 0.23
3451, 0.51
3452, 0.50
3453, 0.47
3454, 0.93
3455, 0.41
3456, 0.13
3457, 0.73
3458, 0.51
3459, 0.51
3460, 0.59
3461, 0.21
3462, 0.76
3463, 0.86
3464, 0.46
3465, 0.24
3466, 0.49
3467, 0.47
3468, 0.33
3469, 0.56
3470, 0.22
3471, 0.53
3472, 0.42
3473, 0.45
3474, 0.61
3475, 0.62
3476, 0.56
3477, 0.34
3478, 0.51
3479, 0.58
3480, 0.54
3481, 0.30
3482, 0.43
3483, 0.53
3484, 0.43
3485, 0.84
3486, 0.56
3487, 0.51
3488, 0.44
3489, 0.48
3490, 0.71
3491, 0.39
3492, 0.84
3493, 0.49
3494, 0.42
3495, 0.41
3496, 0.45
3497, 0.49
3498, 0.54
3499, 0.44
3500, 0.29
3501, 0.47
3502, 0.49
3503, 0.41
3504, 0.21
3505, 0.58
3506, 0.28
3507, 0.45
3508, 0.43
3509, 0.52
3510, 0.42
3511, 0.49
3512, 0.37
3513, 0.52
3514, 0.53
3515, 0.23
3516, 0.76
3517, 0.45
3518, 0.25
3519, 0.44
3520, 0.52
3521, 0.57
3522, 0.32
3523, 0.54
3524, 0.50
3525, 0.77
3526, 0.45
3527, 0.47
3528, 0.84
3529, 0.40
3530, 0.52
3531, 0.36
3532, 0.45
3533, 0.58
3534, 0.45
3535, 0.54
3536, 0.38
3537, 0.45
3538, 0.47
3539, 0.45
3540, 0.48
3541, 0.86
3542, 0.21
3543, 0.54
3544, 0.17
3545, 0.45
3546, 0.50
3547, 0.52
3548, 0.46
3549, 0.32
3550, 0.54
3551, 0.46
3552, 0.48
3553, 0.49
3554, 0.92
3555, 0.42
3556, 0.55
3557, 0.32
3558, 0.49
3559, 0.50
3560, 0.39
3561, 0.87
3562, 0.36
3563, 0.14
3564, 0.36
3565, 0.38
3566, 0.51
3567, 0.51
3568, 0.17
3569, 0.83
3570, 0.39
3571, 0.55
3572, 0.24
3573, 0.66
3574, 0.81
3575, 0.44
3576, 0.42
3577, 0.29
3578, 0.46
3579, 0.42
3580, 0.43
3581, 0.64
3582, 0.35
3583, 0.54
3584, 0.52
3585, 0.44
3586, 0.83
3587, 0.30
3588, 0.51
3589, 0.52
3590, 0.34
3591, 0.53
3592, 0.58
3593, 0.38
3594, 0.32
3595, 0.84
3596, 0.37
3597, 0.38
3598, 0.40
3599, 0.51
3600, 0.45
3601, 0.32
3602, 0.15
3603, 0.82
3604, 0.44
3605, 0.45
3606, 0.52
3607, 0.18
3608, 0.47
3609, 0.58
3610, 0.38
3611, 0.53
3612, 0.55
3613, 0.42
3614, 0.48
3615, 0.44
3616, 0.83
3617, 0.53
3618, 0.42
3619, 0.20
3620, 0.49
3621, 0.26
3622, 0.42
3623, 0.81
3624, 0.50
3625, 0.84
3626, 0.46
3627, 0.47
3628, 0.39
3629, 0.49
3630, 0.50
3631, 0.92
3632, 0.49
3633, 0.39
3634, 0.44
3635, 0.53
3636, 0.57
3637, 0.39
3638, 0.54
3639, 0.43
3640, 0.49
3641, 0.55
3642, 0.58
3643, 0.86
3644, 0.70
3645, 0.38
3646, 0.82
3647, 0.51
3648, 0.45
3649, 0.50
3650, 0.42
3651, 0.46
3652, 0.50
3653, 0.88
3654, 0.66
3655, 0.79
3656, 0.27
3657, 0.27
3658, 0.56
3659, 0.55
3660, 0.93
3661, 0.58
3662, 0.46
3663, 0.62
3664, 0.44
3665, 0.47
3666, 0.53
3667, 0.56
3668, 0.43
3669, 0.47
3670, 0.34
3671, 0.53
3672, 0.50
3673, 0.49
3674, 0.51
3675, 0.64
3676, 0.25
3677, 0.50
3678, 0.56
3679, 0.53
3680, 0.51
3681, 0.71
3682, 0.20
3683, 0.48
3684, 0.51
3685, 0.54
3686, 0.46
3687, 0.40
3688, 0.49
3689, 0.48
3690, 0.20
3691, 0.25
3692, 0.36
3693, 0.38
3694, 0.85
3695, 0.56
3696, 0.54
3697, 0.57
3698, 0.55
3699, 0.32
3700, 0.81
3701, 0.50
3702, 0.50
3703, 0.37
3704, 0.45
3705, 0.88
3706, 0.51
3707, 0.49
3708, 0.48
3709, 0.29
3710, 0.19
3711, 0.52
3712, 0.41
3713, 0.51
3714, 0.34
3715, 0.50
3716, 0.50
3717, 0.76
3718, 0.23
3719, 0.50
3720, 0.51
3721, 0.85
3722, 0.61
3723, 0.52
3724, 0.51
3725, 0.39
3726, 0.32
3727, 0.81
3728, 0.54
3729, 0.48
3730, 0.54
3731, 0.50
3732, 0.55
3733, 0.51
3734, 0.41
3735, 0.48
3736, 0.54
3737, 0.50
3738, 0.45
3739, 0.53
3740, 0.59
3741, 0.33
3742, 0.39
3743, 0.51
3744, 0.47
3745, 0.77
3746, 0.51
3747, 0.92
3748, 0.32
3749, 0.51
3750, 0.62
3751, 0.51
3752, 0.57
3753, 0.58
3754, 0.89
3755, 0.49
3756, 0.38
3757, 0.50
3758, 0.78
3759, 0.39
3760, 0.17
3761, 0.17
3762, 0.48
3763, 0.70
3764, 0.22
3765, 0.56
3766, 0.43
3767, 0.44
3768, 0.41
3769, 0.91
3770, 0.47
3771, 0.41
3772, 0.47
3773, 0.50
3774, 0.51
3775, 0.54
3776, 0.48
3777, 0.43
3778, 0.34
3779, 0.55
3780, 0.51
3781, 0.53
3782, 0.64
3783, 0.54
3784, 0.44
3785, 0.48
3786, 0.60
3787, 0.53
3788, 0.44
3789, 0.40
3790, 0.50
3791, 0.35
3792, 0.44
3793, 0.52
3794, 0.48
3795, 0.50
3796, 0.53
3797, 0.55
3798, 0.89
3799, 0.41
3800, 0.88
3801, 0.41
3802, 0.46
3803, 0.85
3804, 0.56
3805, 0.46
3806, 0.33
3807, 0.51
3808, 0.55
3809, 0.65
3810, 0.31
3811, 0.45
3812, 0.40
3813, 0.41
3814, 0.52
3815, 0.88
3816, 0.31
3817, 0.32
3818, 0.34
3819, 0.44
3820, 0.51
3821, 0.50
3822, 0.45
3823, 0.57
3824, 0.49
3825, 0.20
3826, 0.46
3827, 0.49
3828, 0.85
3829, 0.43
3830, 0.37
3831, 0.46
3832, 0.22
3833, 0.57
3834, 0.64
3835, 0.13
3836, 0.89
3837, 0.52
3838, 0.35
3839, 0.42
3840, 0.29
3841, 0.32
3842, 0.52
3843, 0.92
3844, 0.27
3845, 0.25
3846, 0.44
3847, 0.55
3848, 0.34
3849, 0.58
3850, 0.53
3851, 0.47
3852, 0.52
3853, 0.52
3854, 0.41
3855, 0.75
3856, 0.62
3857, 0.88
3858, 0.65
3859, 0.54
3860, 0.53
3861, 0.91
3862, 0.17
3863, 0.57
3864, 0.24
3865, 0.50
3866, 0.42
3867, 0.60
3868, 0.34
3869, 0.49
3870, 0.48
3871, 0.37
3872, 0.47
3873, 0.90
3874, 0.51
3875, 0.88
3876, 0.48
3877, 0.50
3878, 0.51
3879, 0.40
3880, 0.55
3881, 0.47
3882, 0.52
3883, 0.46
3884, 0.48
3885, 0.42
3886, 0.30
3887, 0.30
3888, 0.50
3889, 0.59
3890, 0.50
3891, 0.55
3892, 0.42
3893, 0.49
3894, 0.38
3895, 0.52
3896, 0.48
3897, 0.44
3898, 0.54
3899, 0.44
3900, 0.36
3901, 0.55
3902, 0.45
3903, 0.39
3904, 0.84
3905, 0.54
3906, 0.47
3907, 0.61
3908, 0.89
3909, 0.58
3910, 0.48
3911, 0.38
3912, 0.39
3913, 0.51
3914, 0.40
3915, 0.53
3916, 0.18
3917, 0.37
3918, 0.63
3919, 0.50
3920, 0.52
3921, 0.48
3922, 0.52
3923, 0.48
3924, 0.75
3925, 0.47
3926, 0.39
3927, 0.51
3928, 0.74
3929, 0.76
3930, 0.47
3931, 0.52
3932, 0.61
3933, 0.43
3934, 0.48
3935, 0.55
3936, 0.52
3937, 0.31
3938, 0.42
3939, 0.48
3940, 0.43
3941, 0.50
3942, 0.31
3943, 0.46
3944, 0.91
3945, 0.49
3946, 0.47
3947, 0.49
3948, 0.16
3949, 0.75
3950, 0.54
3951, 0.54
3952, 0.90
3953, 0.39
3954, 0.55
3955, 0.20
3956, 0.39
3957, 0.48
3958, 0.44
3959, 0.91
3960, 0.40
3961, 0.56
3962, 0.44
3963, 0.58
3964, 0.48
3965, 0.74
3966, 0.47
3967, 0.39
3968, 0.48
3969, 0.49
3970, 0.40
3971, 0.45
3972, 0.64
3973, 0.45
3974, 0.33
3975, 0.46
3976, 0.54
3977, 0.67
3978, 0.90
3979, 0.35
3980, 0.31
3981, 0.65
3982, 0.37
3983, 0.90
3984, 0.54
3985, 0.59
3986, 0.39
3987, 0.20
3988, 0.73
3989, 0.51
3990, 0.42
3991, 0.41
3992, 0.53
3993, 0.50
3994, 0.53
3995, 0.35
3996, 0.17
3997, 0.46
3998, 0.49
3999, 0.46
4000, 0.52
4001, 0.47
4002, 0.54
4003, 0.89
4004, 0.55
4005, 0.59
4006, 0.26
4007, 0.54
4008, 0.50
4009, 0.69
4010, 0.34
4011, 0.70
4012, 0.45
4013, 0.50
4014, 0.31
4015, 0.64
4016, 0.32
4017, 0.20
4018, 0.51
4019, 0.58
4020, 0.49
4021, 0.52
4022, 0.57
4023, 0.51
4024, 0.41
4025, 0.69
4026, 0.56
4027, 0.50
4028, 0.49
4029, 0.94
4030, 0.52
4031, 0.24
4032, 0.49
4033, 0.51
4034, 0.44
4035, 0.46
4036, 0.59
4037, 0.46
4038, 0.54
4039, 0.76
4040, 0.65
4041, 0.64
4042, 0.48
4043, 0.51
4044, 0.58
4045, 0.30
4046, 0.66
4047, 0.42
4048, 0.52
4049, 0.49
4050, 0.50
4051, 0.48
4052, 0.31
4053, 0.29
4054, 0.58
4055, 0.40
4056, 0.62
4057, 0.67
4058, 0.92
4059, 0.45
4060, 0.56
4061, 0.22
4062, 0.46
4063, 0.29
4064, 0.46
4065, 0.53
4066, 0.80
4067, 0.27
4068, 0.92
4069, 0.64
4070, 0.16
4071, 0.87
4072, 0.50
4073, 0.86
4074, 0.53
4075, 0.51
4076, 0.41
4077, 0.47
4078, 0.91
4079, 0.52
4080, 0.48
4081, 0.59
4082, 0.60
4083, 0.53
4084, 0.62
4085, 0.63
4086, 0.57
4087, 0.73
4088, 0.34
4089, 0.50
4090, 0.80
4091, 0.89
4092, 0.86
4093, 0.61
4094, 0.57
4095, 0.41
4096, 0.55
4097, 0.42
4098, 0.44
4099, 0.35
4100, 0.24
4101, 0.26
4102, 0.57
4103, 0.45
4104, 0.20
4105, 0.42
4106, 0.65
4107, 0.48
4108, 0.88
4109, 0.18
4110, 0.92
4111, 0.72
4112, 0.84
4113, 0.52
4114, 0.46
4115, 0.53
4116, 0.55
4117, 0.46
4118, 0.47
4119, 0.41
4120, 0.58
4121, 0.51
4122, 0.34
4123, 0.19
4124, 0.52
4125, 0.38
4126, 0.41
4127, 0.50
4128, 0.49
4129, 0.62
4130, 0.62
4131, 0.45
4132, 0.60
4133, 0.89
4134, 0.54
4135, 0.50
4136, 0.52
4137, 0.58
4138, 0.60
4139, 0.50
4140, 0.40
4141, 0.87
4142, 0.38
4143, 0.49
4144, 0.45
4145, 0.51
4146, 0.89
4147, 0.47
4148, 0.30
4149, 0.21
4150, 0.50
4151, 0.57
4152, 0.44
4153, 0.54
4154, 0.53
4155, 0.91
4156, 0.38
4157, 0.60
4158, 0.49
4159, 0.49
4160, 0.41
4161, 0.28
4162, 0.22
4163, 0.34
4164, 0.42
4165, 0.91
4166, 0.68
4167, 0.34
4168, 0.47
4169, 0.50
4170, 0.57
4171, 0.48
4172, 0.51
4173, 0.39
4174, 0.16
4175, 0.33
4176, 0.89
4177, 0.93
4178, 0.54
4179, 0.92
4180, 0.48
4181, 0.46
4182, 0.45
4183, 0.52
4184, 0.46
4185, 0.49
4186, 0.50
4187, 0.51
4188, 0.81
4189, 0.50
4190, 0.41
4191, 0.60
4192, 0.48
4193, 0.89
4194, 0.49
4195, 0.40
4196, 0.51
4197, 0.47
4198, 0.47
4199, 0.48
4200, 0.51
4201, 0.23
4202, 0.58
4203, 0.50
4204, 0.42
4205, 0.20
4206, 0.50
4207, 0.37
4208, 0.58
4209, 0.16
4210, 0.48
4211, 0.47
4212, 0.49
4213, 0.94
4214, 0.37
4215, 0.39
4216, 0.90
4217, 0.25
4218, 0.59
4219, 0.86
4220, 0.42
4221, 0.52
4222, 0.50
4223, 0.43
4224, 0.43
4225, 0.47
4226, 0.24
4227, 0.48
4228, 0.50
4229, 0.53
4230, 0.69
4231, 0.50
4232, 0.82
4233, 0.50
4234, 0.50
4235, 0.45
4236, 0.46
4237, 0.43
4238, 0.46
4239, 0.89
4240, 0.50
4241, 0.53
4242, 0.92
4243, 0.50
4244, 0.53
4245, 0.45
4246, 0.36
4247, 0.92
4248, 0.56
4249, 0.67
4250, 0.17
4251, 0.55
4252, 0.84
4253, 0.48
4254, 0.51
4255, 0.45
4256, 0.53
4257, 0.47
4258, 0.49
4259, 0.45
4260, 0.89
4261, 0.90
4262, 0.50
4263, 0.30
4264, 0.46
4265, 0.41
4266, 0.90
4267, 0.43
4268, 0.92
4269, 0.50
4270, 0.52
4271, 0.30
4272, 0.16
4273, 0.48
4274, 0.44
4275, 0.44
4276, 0.59
4277, 0.27
4278, 0.37
4279, 0.47
4280, 0.47
4281, 0.45
4282, 0.61
4283, 0.46
4284, 0.49
4285, 0.88
4286, 0.49
4287, 0.45
4288, 0.54
4289, 0.45
4290, 0.39
4291, 0.29
4292, 0.48
4293, 0.50
4294, 0.57
4295, 0.62
4296, 0.56
4297, 0.45
4298, 0.46
4299, 0.41
4300, 0.42
4301, 0.51
4302, 0.48
4303, 0.57
4304, 0.55
4305, 0.90
4306, 0.64
4307, 0.48
4308, 0.24
4309, 0.39
4310, 0.51
4311, 0.42
4312, 0.39
4313, 0.37
4314, 0.39
4315, 0.54
4316, 0.46
4317, 0.28
4318, 0.49
4319, 0.24
4320, 0.45
4321, 0.87
4322, 0.56
4323, 0.90
4324, 0.44
4325, 0.48
4326, 0.41
4327, 0.48
4328, 0.44
4329, 0.51
4330, 0.43
4331, 0.40
4332, 0.68
4333, 0.89
4334, 0.48
4335, 0.57
4336, 0.52
4337, 0.13
4338, 0.56
4339, 0.88
4340, 0.84
4341, 0.69
4342, 0.69
4343, 0.28
4344, 0.46
4345, 0.53
4346, 0.48
4347, 0.47
4348, 0.30
4349, 0.41
4350, 0.42
4351, 0.50
4352, 0.18
4353, 0.90
4354, 0.41
4355, 0.49
4356, 0.40
4357, 0.56
4358, 0.55
4359, 0.56
4360, 0.44
4361, 0.45
4362, 0.55
4363, 0.85
4364, 0.48
4365, 0.72
4366, 0.48
4367, 0.83
4368, 0.89
4369, 0.56
4370, 0.51
4371, 0.30
4372, 0.52
4373, 0.24
4374, 0.52
4375, 0.30
4376, 0.46
4377, 0.47
4378, 0.27
4379, 0.46
4380, 0.57
4381, 0.56
4382, 0.48
4383, 0.33
4384, 0.47
4385, 0.38
4386, 0.49
4387, 0.62
4388, 0.89
4389, 0.63
4390, 0.19
4391, 0.26
4392, 0.53
4393, 0.15
4394, 0.34
4395, 0.53
4396, 0.53
4397, 0.51
4398, 0.38
4399, 0.41
4400, 0.86
4401, 0.34
4402, 0.53
4403, 0.43
4404, 0.49
4405, 0.44
4406, 0.36
4407, 0.22
4408, 0.89
4409, 0.39
4410, 0.56
4411, 0.46
4412, 0.49
4413, 0.64
4414, 0.27
4415, 0.14
4416, 0.54
4417, 0.55
4418, 0.27
4419, 0.51
4420, 0.53
4421, 0.32
4422, 0.44
4423, 0.48
4424, 0.89
4425, 0.54
4426, 0.43
4427, 0.34
4428, 0.23
4429, 0.61
4430, 0.47
4431, 0.43
4432, 0.59
4433, 0.51
4434, 0.47
4435, 0.51
4436, 0.58
4437, 0.51
4438, 0.50
4439, 0.87
4440, 0.92
4441, 0.40
4442, 0.53
4443, 0.48
4444, 0.14
4445, 0.47
4446, 0.48
4447, 0.75
4448, 0.57
4449, 0.49
4450, 0.53
4451, 0.46
4452, 0.42
4453, 0.56
4454, 0.45
4455, 0.30
4456, 0.42
4457, 0.50
4458, 0.91
4459, 0.53
4460, 0.45
4461, 0.58
4462, 0.29
4463, 0.23
4464, 0.30
4465, 0.37
4466, 0.44
4467, 0.38
4468, 0.50
4469, 0.60
4470, 0.77
4471, 0.23
4472, 0.43
4473, 0.51
4474, 0.27
4475, 0.61
4476, 0.88
4477, 0.41
4478, 0.87
4479, 0.47
4480, 0.56
4481, 0.60
4482, 0.48
4483, 0.57
4484, 0.47
4485, 0.21
4486, 0.51
4487, 0.54
4488, 0.40
4489, 0.56
4490, 0.46
4491, 0.54
4492, 0.47
4493, 0.52
4494, 0.24
4495, 0.91
4496, 0.50
4497, 0.49
4498, 0.81
4499, 0.32
4500, 0.15
4501, 0.64
4502, 0.88
4503, 0.49
4504, 0.53
4505, 0.60
4506, 0.41
4507, 0.48
4508, 0.52
4509, 0.48
4510, 0.49
4511, 0.45
4512, 0.50
4513, 0.45
4514, 0.47
4515, 0.45
4516, 0.54
4517, 0.69
4518, 0.48
4519, 0.50
4520, 0.32
4521, 0.35
4522, 0.45
4523, 0.88
4524, 0.46
4525, 0.17
4526, 0.20
4527, 0.81
4528, 0.55
4529, 0.53
4530, 0.37
4531, 0.51
4532, 0.52
4533, 0.44
4534, 0.89
4535, 0.61
4536, 0.38
4537, 0.93
4538, 0.49
4539, 0.21
4540, 0.48
4541, 0.57
4542, 0.14
4543, 0.39
4544, 0.41
4545, 0.93
4546, 0.46
4547, 0.47
4548, 0.53
4549, 0.35
4550, 0.53
4551, 0.37
4552, 0.40
4553, 0.87
4554, 0.48
4555, 0.52
4556, 0.58
4557, 0.53
4558, 0.41
4559, 0.55
4560, 0.48
4561, 0.57
4562, 0.69
4563, 0.90
4564, 0.91
4565, 0.65
4566, 0.46
4567, 0.56
4568, 0.66
4569, 0.68
4570, 0.44
4571, 0.50
4572, 0.48
4573, 0.54
4574, 0.46
4575, 0.74
4576, 0.79
4577, 0.45
4578, 0.46
4579, 0.48
4580, 0.32
4581, 0.69
4582, 0.69
4583, 0.58
4584, 0.49
4585, 0.82
4586, 0.40
4587, 0.89
4588, 0.68
4589, 0.45
4590, 0.20
4591, 0.47
4592, 0.53
4593, 0.44
4594, 0.46
4595, 0.90
4596, 0.51
4597, 0.49
4598, 0.51
4599, 0.59
4600, 0.49
4601, 0.24
4602, 0.56
4603, 0.45
4604, 0.37
4605, 0.47
4606, 0.43
4607, 0.27
4608, 0.47
4609, 0.54
4610, 0.44
4611, 0.52
4612, 0.52
4613, 0.45
4614, 0.51
4615, 0.20
4616, 0.55
4617, 0.67
4618, 0.89
4619, 0.33
4620, 0.46
4621, 0.45
4622, 0.78
4623, 0.84
4624, 0.60
4625, 0.47
4626, 0.88
4627, 0.12
4628, 0.19
4629, 0.74
4630, 0.53
4631, 0.33
4632, 0.47
4633, 0.44
4634, 0.58
4635, 0.43
4636, 0.83
4637, 0.48
4638, 0.49
4639, 0.93
4640, 0.86
4641, 0.41
4642, 0.27
4643, 0.63
4644, 0.50
4645, 0.35
4646, 0.47
4647, 0.49
4648, 0.51
4649, 0.73
4650, 0.31
4651, 0.60
4652, 0.49
4653, 0.50
4654, 0.50
4655, 0.44
4656, 0.80
4657, 0.41
4658, 0.53
4659, 0.21
4660, 0.51
4661, 0.54
4662, 0.64
4663, 0.43
4664, 0.73
4665, 0.45
4666, 0.53
4667, 0.86
4668, 0.37
4669, 0.50
4670, 0.44
4671, 0.50
4672, 0.65
4673, 0.21
4674, 0.91
4675, 0.43
4676, 0.44
4677, 0.52
4678, 0.25
4679, 0.23
4680, 0.43
4681, 0.46
4682, 0.91
4683, 0.85
4684, 0.90
4685, 0.45
4686, 0.41
4687, 0.36
4688, 0.45
4689, 0.55
4690, 0.75
4691, 0.50
4692, 0.53
4693, 0.70
4694, 0.37
4695, 0.51
4696, 0.28
4697, 0.37
4698, 0.26
4699, 0.48
4700, 0.64
4701, 0.72
4702, 0.49
4703, 0.54
4704, 0.26
4705, 0.62
4706, 0.42
4707, 0.55
4708, 0.86
4709, 0.72
4710, 0.54
4711, 0.39
4712, 0.32
4713, 0.58
4714, 0.42
4715, 0.42
4716, 0.57
4717, 0.46
4718, 0.88
4719, 0.88
4720, 0.48
4721, 0.55
4722, 0.49
4723, 0.54
4724, 0.48
4725, 0.20
4726, 0.39
4727, 0.49
4728, 0.54
4729, 0.39
4730, 0.53
4731, 0.52
4732, 0.47
4733, 0.48
4734, 0.53
4735, 0.50
4736, 0.48
4737, 0.51
4738, 0.58
4739, 0.53
4740, 0.34
4741, 0.48
4742, 0.52
4743, 0.55
4744, 0.73
4745, 0.46
4746, 0.58
4747, 0.60
4748, 0.50
4749, 0.87
4750, 0.45
4751, 0.48
4752, 0.46
4753, 0.44
4754, 0.57
4755, 0.81
4756, 0.45
4757, 0.57
4758, 0.75
4759, 0.47
4760, 0.54
4761, 0.43
4762, 0.93
4763, 0.22
4764, 0.17
4765, 0.34
4766, 0.31
4767, 0.45
4768, 0.52
4769, 0.60
4770, 0.49
4771, 0.94
4772, 0.48
4773, 0.56
4774, 0.57
4775, 0.52
4776, 0.53
4777, 0.44
4778, 0.62
4779, 0.50
4780, 0.50
4781, 0.87
4782, 0.48
4783, 0.93
4784, 0.74
4785, 0.90
4786, 0.49
4787, 0.72
4788, 0.47
4789, 0.53
4790, 0.56
4791, 0.56
4792, 0.61
4793, 0.39
4794, 0.19
4795, 0.85
4796, 0.64
4797, 0.52
4798, 0.47
4799, 0.49
4800, 0.38
4801, 0.42
4802, 0.39
4803, 0.38
4804, 0.53
4805, 0.50
4806, 0.51
4807, 0.49
4808, 0.52
4809, 0.43
4810, 0.62
4811, 0.59
4812, 0.41
4813, 0.42
4814, 0.16
4815, 0.49
4816, 0.54
4817, 0.42
4818, 0.47
4819, 0.44
4820, 0.88
4821, 0.42
4822, 0.29
4823, 0.24
4824, 0.65
4825, 0.45
4826, 0.57
4827, 0.49
4828, 0.43
4829, 0.82
4830, 0.55
4831, 0.48
4832, 0.36
4833, 0.90
4834, 0.32
4835, 0.44
4836, 0.83
4837, 0.23
4838, 0.35
4839, 0.15
4840, 0.38
4841, 0.51
4842, 0.36
4843, 0.50
4844, 0.55
4845, 0.53
4846, 0.81
4847, 0.34
4848, 0.91
4849, 0.51
4850, 0.59
4851, 0.19
4852, 0.61
4853, 0.49
4854, 0.26
4855, 0.37
4856, 0.14
4857, 0.63
4858, 0.48
4859, 0.38
4860, 0.61
4861, 0.28
4862, 0.56
4863, 0.45
4864, 0.74
4865, 0.50
4866, 0.71
4867, 0.49
4868, 0.17
4869, 0.49
4870, 0.50
4871, 0.85
4872, 0.55
4873, 0.61
4874, 0.37
4875, 0.49
4876, 0.48
4877, 0.91
4878, 0.50
4879, 0.33
4880, 0.71
4881, 0.50
4882, 0.87
4883, 0.88
4884, 0.45
4885, 0.37
4886, 0.60
4887, 0.55
4888, 0.44
4889, 0.54
4890, 0.39
4891, 0.54
4892, 0.23
4893, 0.32
4894, 0.16
4895, 0.52
4896, 0.47
4897, 0.53
4898, 0.44
4899, 0.48
4900, 0.59
4901, 0.46
4902, 0.50
4903, 0.51
4904, 0.48
4905, 0.47
4906, 0.84
4907, 0.63
4908, 0.22
4909, 0.55
4910, 0.50
4911, 0.57
4912, 0.94
4913, 0.47
4914, 0.47
4915, 0.87
4916, 0.93
4917, 0.50
4918, 0.55
4919, 0.35
4920, 0.36
4921, 0.37
4922, 0.39
4923, 0.93
4924, 0.46
4925, 0.56
4926, 0.23
4927, 0.52
4928, 0.41
4929, 0.91
4930, 0.82
4931, 0.50
4932, 0.47
4933, 0.35
4934, 0.32
4935, 0.44
4936, 0.47
4937, 0.56
4938, 0.53
4939, 0.38
4940, 0.61
4941, 0.66
4942, 0.49
4943, 0.51
4944, 0.85
4945, 0.46
4946, 0.40
4947, 0.50
4948, 0.50
4949, 0.51
4950, 0.62
4951, 0.50
4952, 0.55
4953, 0.49
4954, 0.30
4955, 0.43
4956, 0.52
4957, 0.43
4958, 0.40
4959, 0.45
4960, 0.43
4961, 0.91
4962, 0.25
4963, 0.38
4964, 0.65
4965, 0.50
4966, 0.52
4967, 0.46
4968, 0.60
4969, 0.86
4970, 0.39
4971, 0.49
4972, 0.51
4973, 0.45
4974, 0.52
4975, 0.48
4976, 0.37
4977, 0.48
4978, 0.34
4979, 0.36
4980, 0.50
4981, 0.43
4982, 0.34
4983, 0.66
4984, 0.51
4985, 0.55
4986, 0.47
4987, 0.43
4988, 0.83
4989, 0.50
4990, 0.26
4991, 0.68
4992, 0.16
4993, 0.57
4994, 0.42
4995, 0.53
4996, 0.41
4997, 0.24
4998, 0.43
4999, 0.55
5000, 0.85
5001, 0.20
5002, 0.49
5003, 0.55
5004, 0.41
5005, 0.32
5006, 0.57
5007, 0.43
5008, 0.50
5009, 0.31
5010, 0.49
5011, 0.19
5012, 0.45
5013, 0.44
5014, 0.83
5015, 0.28
5016, 0.48
5017, 0.48
5018, 0.70
5019, 0.55
5020, 0.36
5021, 0.15
5022, 0.43
5023, 0.86
5024, 0.54
5025, 0.58
5026, 0.50
5027, 0.48
5028, 0.48
5029, 0.18
5030, 0.37
5031, 0.48
5032, 0.49
5033, 0.56
5034, 0.23
5035, 0.45
5036, 0.49
5037, 0.44
5038, 0.56
5039, 0.43
5040, 0.55
5041, 0.48
5042, 0.85
5043, 0.18
5044, 0.58
5045, 0.41
5046, 0.30
5047, 0.47
5048, 0.45
5049, 0.48
5050, 0.53
5051, 0.41
5052, 0.43
5053, 0.91
5054, 0.48
5055, 0.55
5056, 0.46
5057, 0.13
5058, 0.44
5059, 0.85
5060, 0.87
5061, 0.30
5062, 0.54
5063, 0.50
5064, 0.42
5065, 0.21
5066, 0.39
5067, 0.54
5068, 0.59
5069, 0.50
5070, 0.58
5071, 0.54
5072, 0.51
5073, 0.74
5074, 0.37
5075, 0.50
5076, 0.47
5077, 0.49
5078, 0.81
5079, 0.82
5080, 0.51
5081, 0.35
5082, 0.42
5083, 0.52
5084, 0.50
5085, 0.85
5086, 0.48
5087, 0.36
5088, 0.69
5089, 0.87
5090, 0.56
5091, 0.50
5092, 0.49
5093, 0.43
5094, 0.43
5095, 0.50
5096, 0.39
5097, 0.31
5098, 0.39
5099, 0.50
5100, 0.58
5101, 0.55
5102, 0.37
5103, 0.52
5104, 0.50
5105, 0.49
5106, 0.51
5107, 0.60
5108, 0.47
5109, 0.83
5110, 0.15
5111, 0.45
5112, 0.40
5113, 0.19
5114, 0.43
5115, 0.41
5116, 0.35
5117, 0.85
5118, 0.51
5119, 0.48
5120, 0.60
5121, 0.54
5122, 0.43
5123, 0.52
5124, 0.48
5125, 0.77
5126, 0.44
5127, 0.18
5128, 0.49
5129, 0.51
5130, 0.48
5131, 0.15
5132, 0.43
5133, 0.54
5134, 0.45
5135, 0.63
5136, 0.44
5137, 0.48
5138, 0.57
5139, 0.44
5140, 0.82
5141, 0.42
5142, 0.87
5143, 0.38
5144, 0.31
5145, 0.65
5146, 0.57
5147, 0.50
5148, 0.58
5149, 0.47
5150, 0.54
5151, 0.52
5152, 0.17
5153, 0.55
5154, 0.47
5155, 0.42
5156, 0.28
5157, 0.48
5158, 0.54
5159, 0.47
5160, 0.24
5161, 0.61
5162, 0.59
5163, 0.42
5164, 0.58
5165, 0.44
5166, 0.43
5167, 0.45
5168, 0.49
5169, 0.50
5170, 0.57
5171, 0.48
5172, 0.39
5173, 0.43
5174, 0.53
5175, 0.35
5176, 0.90
5177, 0.53
5178, 0.50
5179, 0.42
5180, 0.61
5181, 0.76
5182, 0.27
5183, 0.44
5184, 0.88
5185, 0.92
5186, 0.46
5187, 0.39
5188, 0.17
5189, 0.38
5190, 0.52
5191, 0.36
5192, 0.46
5193, 0.48
5194, 0.52
5195, 0.89
5196, 0.40
5197, 0.31
5198, 0.55
5199, 0.63
5200, 0.89
5201, 0.37
5202, 0.31
5203, 0.50
5204, 0.25
5205, 0.57
5206, 0.37
5207, 0.83
5208, 0.47
5209, 0.48
5210, 0.53
5211, 0.47
5212, 0.50
5213, 0.86
5214, 0.41
5215, 0.35
5216, 0.16
5217, 0.46
5218, 0.24
5219, 0.50
5220, 0.50
5221, 0.40
5222, 0.52
5223, 0.48
5224, 0.50
5225, 0.46
5226, 0.49
5227, 0.25
5228, 0.49
5229, 0.20
5230, 0.37
5231, 0.52
5232, 0.58
5233, 0.51
5234, 0.25
5235, 0.69
5236, 0.41
5237, 0.43
5238, 0.28
5239, 0.48
5240, 0.51
5241, 0.48
5242, 0.18
5243, 0.46
5244, 0.94
5245, 0.44
5246, 0.88
5247, 0.59
5248, 0.46
5249, 0.51
5250, 0.53
5251, 0.37
5252, 0.48
5253, 0.31
5254, 0.21
5255, 0.31
5256, 0.55
5257, 0.28
5258, 0.51
5259, 0.52
5260, 0.39
5261, 0.87
5262, 0.51
5263, 0.70
5264, 0.50
5265, 0.40
5266, 0.34
5267, 0.89
5268, 0.18
5269, 0.59
5270, 0.52
5271, 0.48
5272, 0.91
5273, 0.50
5274, 0.50
5275, 0.47
5276, 0.42
5277, 0.41
5278, 0.45
5279, 0.55
5280, 0.46
5281, 0.93
5282, 0.40
5283, 0.79
5284, 0.53
5285, 0.46
5286, 0.25
5287, 0.54
5288, 0.84
5289, 0.64
5290, 0.48
5291, 0.89
5292, 0.41
5293, 0.43
5294, 0.12
5295, 0.17
5296, 0.27
5297, 0.57
5298, 0.48
5299, 0.92
5300, 0.55
5301, 0.52
5302, 0.44
5303, 0.55
5304, 0.56
5305, 0.50
5306, 0.39
5307, 0.43
5308, 0.77
5309, 0.59
5310, 0.48
5311, 0.40
5312, 0.47
5313, 0.42
5314, 0.66
5315, 0.85
5316, 0.48
5317, 0.20
5318, 0.39
5319, 0.83
5320, 0.79
5321, 0.49
5322, 0.56
5323, 0.41
5324, 0.49
5325, 0.49
5326, 0.48
5327, 0.56
5328, 0.50
5329, 0.34
5330, 0.47
5331, 0.45
5332, 0.12
5333, 0.46
5334, 0.46
5335, 0.37
5336, 0.50
5337, 0.48
5338, 0.39
5339, 0.20
5340, 0.14
5341, 0.54
5342, 0.51
5343, 0.44
5344, 0.55
5345, 0.53
5346, 0.49
5347, 0.53
5348, 0.68
5349, 0.51
5350, 0.42
5351, 0.68
5352, 0.58
5353, 0.49
5354, 0.45
5355, 0.87
5356, 0.91
5357, 0.47
5358, 0.53
5359, 0.42
5360, 0.46
5361, 0.39
5362, 0.54
5363, 0.42
5364, 0.46
5365, 0.53
5366, 0.69
5367, 0.87
5368, 0.49
5369, 0.53
5370, 0.91
5371, 0.50
5372, 0.22
5373, 0.47
5374, 0.45
5375, 0.77
5376, 0.21
5377, 0.67
5378, 0.56
5379, 0.41
5380, 0.55
5381, 0.46
5382, 0.43
5383, 0.53
5384, 0.46
5385, 0.46
5386, 0.47
5387, 0.41
5388, 0.22
5389, 0.52
5390, 0.39
5391, 0.55
5392, 0.40
5393, 0.70
5394, 0.50
5395, 0.51
5396, 0.92
5397, 0.47
5398, 0.50
5399, 0.36
5400, 0.50
5401, 0.33
5402, 0.43
5403, 0.43
5404, 0.41
5405, 0.48
5406, 0.56
5407, 0.49
5408, 0.48
5409, 0.49
5410, 0.31
5411, 0.18
5412, 0.86
5413, 0.37
5414, 0.83
5415, 0.49
5416, 0.51
5417, 0.49
5418, 0.16
5419, 0.88
5420, 0.46
5421, 0.49
5422, 0.47
5423, 0.58
5424, 0.53
5425, 0.57
5426, 0.65
5427, 0.54
5428, 0.44
5429, 0.64
5430, 0.45
5431, 0.44
5432, 0.39
5433, 0.40
5434, 0.89
5435, 0.51
5436, 0.54
5437, 0.52
5438, 0.53
5439, 0.48
5440, 0.38
5441, 0.80
5442, 0.66
5443, 0.48
5444, 0.49
5445, 0.50
5446, 0.81
5447, 0.58
5448, 0.52
5449, 0.48
5450, 0.39
5451, 0.50
5452, 0.35
5453, 0.66
5454, 0.59
5455, 0.87
5456, 0.57
5457, 0.81
5458, 0.72
5459, 0.84
5460, 0.50
5461, 0.48
5462, 0.42
5463, 0.55
5464, 0.56
5465, 0.57
5466, 0.48
5467, 0.45
5468, 0.28
5469, 0.32
5470, 0.34
5471, 0.32
5472, 0.72
5473, 0.50
5474, 0.48
5475, 0.44
5476, 0.57
5477, 0.58
5478, 0.46
5479, 0.93
5480, 0.43
5481, 0.71
5482, 0.40
5483, 0.47
5484, 0.51
5485, 0.11
5486, 0.66
5487, 0.91
5488, 0.15
5489, 0.47
5490, 0.91
5491, 0.50
5492, 0.52
5493, 0.48
5494, 0.59
5495, 0.52
5496, 0.92
5497, 0.61
5498, 0.48
5499, 0.36
5500, 0.90
5501, 0.50
5502, 0.51
5503, 0.54
5504, 0.53
5505, 0.59
5506, 0.56
5507, 0.58
5508, 0.57
5509, 0.47
5510, 0.60
5511, 0.42
5512, 0.50
5513, 0.57
5514, 0.88
5515, 0.47
5516, 0.53
5517, 0.51
5518, 0.41
5519, 0.54
5520, 0.62
5521, 0.39
5522, 0.45
5523, 0.51
5524, 0.81
5525, 0.45
5526, 0.38
5527, 0.49
5528, 0.21
5529, 0.55
5530, 0.45
5531, 0.32
5532, 0.48
5533, 0.55
5534, 0.43
5535, 0.52
5536, 0.43
5537, 0.65
5538, 0.88
5539, 0.61
5540, 0.23
5541, 0.17
5542, 0.82
5543, 0.42
5544, 0.88
5545, 0.27
5546, 0.57
5547, 0.47
5548, 0.45
5549, 0.38
5550, 0.28
5551, 0.56
5552, 0.43
5553, 0.23
5554, 0.81
5555, 0.59
5556, 0.46
5557, 0.42
5558, 0.60
5559, 0.47
5560, 0.53
5561, 0.24
5562, 0.57
5563, 0.56
5564, 0.52
5565, 0.36
5566, 0.18
5567, 0.15
5568, 0.48
5569, 0.49
5570, 0.42
5571, 0.53
5572, 0.85
5573, 0.92
5574, 0.54
5575, 0.48
5576, 0.24
5577, 0.22
5578, 0.61
5579, 0.33
5580, 0.44
5581, 0.41
5582, 0.45
5583, 0.54
5584, 0.41
5585, 0.58
5586, 0.53
5587, 0.23
5588, 0.47
5589, 0.64
5590, 0.51
5591, 0.55
5592, 0.44
5593, 0.46
5594, 0.79
5595, 0.54
5596, 0.38
5597, 0.29
5598, 0.55
5599, 0.90
5600, 0.57
5601, 0.50
5602, 0.60
5603, 0.48
5604, 0.44
5605, 0.77
5606, 0.17
5607, 0.54
5608, 0.25
5609, 0.33
5610, 0.38
5611, 0.69
5612, 0.57
5613, 0.31
5614, 0.53
5615, 0.16
5616, 0.20
5617, 0.64
5618, 0.41
5619, 0.61
5620, 0.48
5621, 0.87
5622, 0.31
5623, 0.44
5624, 0.49
5625, 0.48
5626, 0.42
5627, 0.56
5628, 0.45
5629, 0.51
5630, 0.47
5631, 0.50
5632, 0.63
5633, 0.92
5634, 0.40
5635, 0.78
5636, 0.18
5637, 0.39
5638, 0.51
5639, 0.43
5640, 0.52
5641, 0.45
5642, 0.57
5643, 0.53
5644, 0.81
5645, 0.35
5646, 0.26
5647, 0.30
5648, 0.33
5649, 0.44
5650, 0.57
5651, 0.45
5652, 0.53
5653, 0.21
5654, 0.20
5655, 0.49
5656, 0.51
5657, 0.49
5658, 0.90
5659, 0.43
5660, 0.76
5661, 0.52
5662, 0.77
5663, 0.39
5664, 0.52
5665, 0.39
5666, 0.62
5667, 0.58
5668, 0.37
5669, 0.33
5670, 0.50
5671, 0.53
5672, 0.64
5673, 0.22
5674, 0.35
5675, 0.92
5676, 0.49
5677, 0.45
5678, 0.49
5679, 0.60
5680, 0.25
5681, 0.31
5682, 0.37
5683, 0.51
5684, 0.91
5685, 0.56
5686, 0.42
5687, 0.85
5688, 0.75
5689, 0.44
5690, 0.23
5691, 0.52
5692, 0.51
5693, 0.50
5694, 0.47
5695, 0.24
5696, 0.23
5697, 0.51
5698, 0.39
5699, 0.48
5700, 0.20
5701, 0.90
5702, 0.41
5703, 0.86
5704, 0.71
5705, 0.75
5706, 0.71
5707, 0.28
5708, 0.49
5709, 0.47
5710, 0.69
5711, 0.41
5712, 0.61
5713, 0.40
5714, 0.54
5715, 0.56
5716, 0.70
5717, 0.51
5718, 0.51
5719, 0.25
5720, 0.65
5721, 0.47
5722, 0.45
5723, 0.62
5724, 0.44
5725, 0.50
5726, 0.51
5727, 0.17
5728, 0.40
5729, 0.29
5730, 0.51
5731, 0.49
5732, 0.45
5733, 0.71
5734, 0.50
5735, 0.38
5736, 0.81
5737, 0.47
5738, 0.51
5739, 0.78
5740, 0.32
5741, 0.55
5742, 0.42
5743, 0.44
5744, 0.39
5745, 0.66
5746, 0.53
5747, 0.57
5748, 0.42
5749, 0.80
5750, 0.47
5751, 0.84
5752, 0.52
5753, 0.61
5754, 0.49
5755, 0.55
5756, 0.80
5757, 0.55
5758, 0.48
5759, 0.48
5760, 0.19
5761, 0.43
5762, 0.54
5763, 0.50
5764, 0.53
5765, 0.51
5766, 0.47
5767, 0.46
5768, 0.47
5769, 0.92
5770, 0.56
5771, 0.38
5772, 0.50
5773, 0.54
5774, 0.65
5775, 0.45
5776, 0.49
5777, 0.48
5778, 0.25
5779, 0.49
5780, 0.55
5781, 0.50
5782, 0.53
5783, 0.55
5784, 0.44
5785, 0.50
5786, 0.84
5787, 0.52
5788, 0.68
5789, 0.22
5790, 0.87
5791, 0.25
5792, 0.46
5793, 0.53
5794, 0.24
5795, 0.40
5796, 0.15
5797, 0.37
5798, 0.52
5799, 0.49
5800, 0.27
5801, 0.22
5802, 0.56
5803, 0.28
5804, 0.62
5805, 0.85
5806, 0.51
5807, 0.48
5808, 0.22
5809, 0.39
5810, 0.60
5811, 0.48
5812, 0.38
5813, 0.55
5814, 0.59
5815, 0.22
5816, 0.55
5817, 0.41
5818, 0.92
5819, 0.56
5820, 0.52
5821, 0.54
5822, 0.34
5823, 0.37
5824, 0.67
5825, 0.57
5826, 0.88
5827, 0.49
5828, 0.44
5829, 0.64
5830, 0.39
5831, 0.51
5832, 0.54
5833, 0.49
5834, 0.52
5835, 0.26
5836, 0.19
5837, 0.60
5838, 0.49
5839, 0.65
5840, 0.34
5841, 0.48
5842, 0.53
5843, 0.85
5844, 0.51
5845, 0.89
5846, 0.53
5847, 0.27
5848, 0.55
5849, 0.36
5850, 0.34
5851, 0.47
5852, 0.46
5853, 0.45
5854, 0.23
5855, 0.53
5856, 0.53
5857, 0.49
5858, 0.38
5859, 0.41
5860, 0.48
5861, 0.20
5862, 0.43
5863, 0.63
5864, 0.88
5865, 0.56
5866, 0.50
5867, 0.89
5868, 0.36
5869, 0.39
5870, 0.19
5871, 0.58
5872, 0.42
5873, 0.63
5874, 0.41
5875, 0.45
5876, 0.47
5877, 0.78
5878, 0.56
5879, 0.46
5880, 0.52
5881, 0.26
5882, 0.27
5883, 0.90
5884, 0.76
5885, 0.38
5886, 0.46
5887, 0.50
5888, 0.52
5889, 0.42
5890, 0.58
5891, 0.37
5892, 0.40
5893, 0.41
5894, 0.54
5895, 0.46
5896, 0.57
5897, 0.50
5898, 0.55
5899, 0.46
5900, 0.51
5901, 0.41
5902, 0.55
5903, 0.62
5904, 0.32
5905, 0.40
5906, 0.48
5907, 0.49
5908, 0.43
5909, 0.30
5910, 0.90
5911, 0.12
5912, 0.48
5913, 0.78
5914, 0.47
5915, 0.33
5916, 0.43
5917, 0.49
5918, 0.22
5919, 0.56
5920, 0.51
5921, 0.52
5922, 0.50
5923, 0.83
5924, 0.17
5925, 0.46
5926, 0.58
5927, 0.24
5928, 0.51
5929, 0.52
5930, 0.50
5931, 0.47
5932, 0.56
5933, 0.93
5934, 0.38
5935, 0.28
5936, 0.23
5937, 0.56
5938, 0.54
5939, 0.33
5940, 0.19
5941, 0.88
5942, 0.36
5943, 0.41
5944, 0.49
5945, 0.84
5946, 0.48
5947, 0.48
5948, 0.46
5949, 0.61
5950, 0.40
5951, 0.55
5952, 0.46
5953, 0.17
5954, 0.53
5955, 0.45
5956, 0.49
5957, 0.54
5958, 0.43
5959, 0.46
5960, 0.32
5961, 0.51
5962, 0.48
5963, 0.65
5964, 0.74
5965, 0.52
5966, 0.52
5967, 0.38
5968, 0.46
5969, 0.35
5970, 0.51
5971, 0.47
5972, 0.81
5973, 0.37
5974, 0.44
5975, 0.48
5976, 0.17
5977, 0.19
5978, 0.59
5979, 0.43
5980, 0.58
5981, 0.41
5982, 0.53
5983, 0.47
5984, 0.42
5985, 0.49
5986, 0.55
5987, 0.48
5988, 0.73
5989, 0.56
5990, 0.87
5991, 0.93
5992, 0.53
5993, 0.44
5994, 0.47
5995, 0.91
5996, 0.49
5997, 0.47
5998, 0.51
5999, 0.54
6000, 0.91
6001, 0.50
6002, 0.92
6003, 0.78
6004, 0.47
6005, 0.44
6006, 0.32
6007, 0.43
6008, 0.54
6009, 0.55
6010, 0.48
6011, 0.39
6012, 0.45
6013, 0.50
6014, 0.48
6015, 0.49
6016, 0.49
6017, 0.53
6018, 0.53
6019, 0.50
6020, 0.50
6021, 0.35
6022, 0.21
6023, 0.65
6024, 0.48
6025, 0.44
6026, 0.31
6027, 0.81
6028, 0.56
6029, 0.48
6030, 0.50
6031, 0.36
6032, 0.86
6033, 0.46
6034, 0.49
6035, 0.48
6036, 0.90
6037, 0.49
6038, 0.68
6039, 0.38
6040, 0.46
6041, 0.36
6042, 0.41
6043, 0.56
6044, 0.57
6045, 0.27
6046, 0.61
6047, 0.75
6048, 0.60
6049, 0.36
6050, 0.87
6051, 0.48
6052, 0.53
6053, 0.46
6054, 0.51
6055, 0.59
6056, 0.32
6057, 0.56
6058, 0.87
6059, 0.54
6060, 0.44
6061, 0.56
6062, 0.47
6063, 0.37
6064, 0.54
6065, 0.50
6066, 0.49
6067, 0.47
6068, 0.52
6069, 0.45
6070, 0.51
6071, 0.89
6072, 0.36
6073, 0.64
6074, 0.34
6075, 0.33
6076, 0.36
6077, 0.52
6078, 0.57
6079, 0.31
6080, 0.28
6081, 0.49
6082, 0.56
6083, 0.52
6084, 0.50
6085, 0.50
6086, 0.34
6087, 0.48
6088, 0.54
6089, 0.49
6090, 0.48
6091, 0.58
6092, 0.26
6093, 0.64
6094, 0.45
6095, 0.56
6096, 0.52
6097, 0.52
6098, 0.41
6099, 0.60
6100, 0.58
6101, 0.35
6102, 0.50
6103, 0.86
6104, 0.19
6105, 0.39
6106, 0.64
6107, 0.49
6108, 0.34
6109, 0.45
6110, 0.31
6111, 0.45
6112, 0.24
6113, 0.48
6114, 0.48
6115, 0.53
6116, 0.59
6117, 0.51
6118, 0.48
6119, 0.44
6120, 0.30
6121, 0.85
6122, 0.12
6123, 0.24
6124, 0.42
6125, 0.55
6126, 0.54
6127, 0.49
6128, 0.52
6129, 0.30
6130, 0.43
6131, 0.81
6132, 0.48
6133, 0.55
6134, 0.38
6135, 0.49
6136, 0.49
6137, 0.56
6138, 0.47
6139, 0.88
6140, 0.59
6141, 0.80
6142, 0.80
6143, 0.43
6144, 0.45
6145, 0.50
6146, 0.57
6147, 0.34
6148, 0.50
6149, 0.37
6150, 0.49
6151, 0.52
6152, 0.39
6153, 0.55
6154, 0.91
6155, 0.26
6156, 0.20
6157, 0.51
6158, 0.47
6159, 0.18
6160, 0.35
6161, 0.15
6162, 0.57
6163, 0.49
6164, 0.50
6165, 0.56
6166, 0.53
6167, 0.53
6168, 0.53
6169, 0.38
6170, 0.54
6171, 0.80
6172, 0.52
6173, 0.61
6174, 0.44
6175, 0.51
6176, 0.49
6177, 0.54
6178, 0.28
6179, 0.46
6180, 0.57
6181, 0.21
6182, 0.91
6183, 0.42
6184, 0.42
6185, 0.55
6186, 0.57
6187, 0.60
6188, 0.46
6189, 0.86
6190, 0.65
6191, 0.50
6192, 0.50
6193, 0.86
6194, 0.33
6195, 0.51
6196, 0.55
6197, 0.93
6198, 0.47
6199, 0.59
6200, 0.52
6201, 0.57
6202, 0.33
6203, 0.25
6204, 0.88
6205, 0.45
6206, 0.83
6207, 0.42
6208, 0.46
6209, 0.30
6210, 0.45
6211, 0.49
6212, 0.34
6213, 0.17
6214, 0.60
6215, 0.39
6216, 0.49
6217, 0.43
6218, 0.16
6219, 0.88
6220, 0.42
6221, 0.42
6222, 0.41
6223, 0.93
6224, 0.35
6225, 0.48
6226, 0.62
6227, 0.56
6228, 0.49
6229, 0.83
6230, 0.87
6231, 0.46
6232, 0.21
6233, 0.57
6234, 0.91
6235, 0.47
6236, 0.47
6237, 0.50
6238, 0.54
6239, 0.56
6240, 0.42
6241, 0.51
6242, 0.48
6243, 0.55
6244, 0.62
6245, 0.42
6246, 0.52
6247, 0.39
6248, 0.51
6249, 0.47
6250, 0.84
6251, 0.48
6252, 0.36
6253, 0.52
6254, 0.33
6255, 0.50
6256, 0.35
6257, 0.41
6258, 0.50
6259, 0.49
6260, 0.52
6261, 0.46
6262, 0.51
6263, 0.54
6264, 0.26
6265, 0.19
6266, 0.90
6267, 0.54
6268, 0.78
6269, 0.40
6270, 0.53
6271, 0.52
6272, 0.40
6273, 0.22
6274, 0.45
6275, 0.45
6276, 0.52
6277, 0.63
6278, 0.41
6279, 0.37
6280, 0.90
6281, 0.26
6282, 0.41
6283, 0.19
6284, 0.52
6285, 0.47
6286, 0.53
6287, 0.55
6288, 0.58
6289, 0.37
6290, 0.78
6291, 0.48
6292, 0.29
6293, 0.46
6294, 0.35
6295, 0.61
6296, 0.69
6297, 0.41
6298, 0.42
6299, 0.83
6300, 0.47
6301, 0.49
6302, 0.36
6303, 0.31
6304, 0.93
6305, 0.53
6306, 0.59
6307, 0.59
6308, 0.42
6309, 0.42
6310, 0.49
6311, 0.43
6312, 0.16
6313, 0.59
6314, 0.38
6315, 0.47
6316, 0.82
6317, 0.53
6318, 0.48
6319, 0.43
6320, 0.64
6321, 0.52
6322, 0.56
6323, 0.45
6324, 0.93
6325, 0.49
6326, 0.21
6327, 0.49
6328, 0.19
6329, 0.41
6330, 0.67
6331, 0.32
6332, 0.53
6333, 0.49
6334, 0.54
6335, 0.53
6336, 0.56
6337, 0.47
6338, 0.47
6339, 0.40
6340, 0.24
6341, 0.55
6342, 0.42
6343, 0.36
6344, 0.87
6345, 0.34
6346, 0.78
6347, 0.49
6348, 0.80
6349, 0.50
6350, 0.33
6351, 0.53
6352, 0.78
6353, 0.49
6354, 0.47
6355, 0.60
6356, 0.32
6357, 0.72
6358, 0.40
6359, 0.56
6360, 0.83
6361, 0.25
6362, 0.54
6363, 0.83
6364, 0.41
6365, 0.52
6366, 0.13
6367, 0.43
6368, 0.27
6369, 0.78
6370, 0.49
6371, 0.56
6372, 0.28
6373, 0.54
6374, 0.49
6375, 0.29
6376, 0.83
6377, 0.52
6378, 0.86
6379, 0.53
6380, 0.29
6381, 0.51
6382, 0.47
6383, 0.61
6384, 0.32
6385, 0.49
6386, 0.52
6387, 0.28
6388, 0.50
6389, 0.50
6390, 0.52
6391, 0.49
6392, 0.44
6393, 0.58
6394, 0.36
6395, 0.39
6396, 0.86
6397, 0.27
6398, 0.53
6399, 0.39
6400, 0.44
6401, 0.50
6402, 0.18
6403, 0.49
6404, 0.57
6405, 0.36
6406, 0.35
6407, 0.46
6408, 0.49
6409, 0.48
6410, 0.43
6411, 0.46
6412, 0.50
6413, 0.26
6414, 0.49
6415, 0.61
6416, 0.48
6417, 0.43
6418, 0.35
6419, 0.47
6420, 0.58
6421, 0.78
6422, 0.24
6423, 0.21
6424, 0.43
6425, 0.51
6426, 0.82
6427, 0.52
6428, 0.44
6429, 0.52
6430, 0.85
6431, 0.22
6432, 0.50
6433, 0.25
6434, 0.38
6435, 0.33
6436, 0.18
6437, 0.52
6438, 0.51
6439, 0.39
6440, 0.39
6441, 0.50
6442, 0.41
6443, 0.41
6444, 0.21
6445, 0.34
6446, 0.48
6447, 0.48
6448, 0.49
6449, 0.53
6450, 0.21
6451, 0.48
6452, 0.45
6453, 0.58
6454, 0.52
6455, 0.30
6456, 0.81
6457, 0.42
6458, 0.38
6459, 0.53
6460, 0.25
6461, 0.54
6462, 0.31
6463, 0.38
6464, 0.54
6465, 0.38
6466, 0.34
6467, 0.49
6468, 0.81
6469, 0.64
6470, 0.40
6471, 0.64
6472, 0.42
6473, 0.38
6474, 0.49
6475, 0.53
6476, 0.93
6477, 0.48
6478, 0.30
6479, 0.33
6480, 0.35
6481, 0.36
6482, 0.47
6483, 0.46
6484, 0.50
6485, 0.50
6486, 0.20
6487, 0.50
6488, 0.85
6489, 0.22
6490, 0.49
6491, 0.47
6492, 0.15
6493, 0.58
6494, 0.45
6495, 0.40
6496, 0.55
6497, 0.54
6498, 0.40
6499, 0.55
6500, 0.48
6501, 0.61
6502, 0.45
6503, 0.33
6504, 0.19
6505, 0.43
6506, 0.43
6507, 0.64
6508, 0.51
6509, 0.60
6510, 0.50
6511, 0.78
6512, 0.89
6513, 0.46
6514, 0.46
6515, 0.54
6516, 0.51
6517, 0.41
6518, 0.41
6519, 0.41
6520, 0.44
6521, 0.59
6522, 0.57
6523, 0.48
6524, 0.53
6525, 0.49
6526, 0.60
6527, 0.62
6528, 0.87
6529, 0.54
6530, 0.83
6531, 0.50
6532, 0.31
6533, 0.35
6534, 0.73
6535, 0.16
6536, 0.83
6537, 0.44
6538, 0.51
6539, 0.73
6540, 0.50
6541, 0.54
6542, 0.34
6543, 0.86
6544, 0.45
6545, 0.45
6546, 0.48
6547, 0.46
6548, 0.54
6549, 0.82
6550, 0.47
6551, 0.53
6552, 0.23
6553, 0.62
6554, 0.40
6555, 0.55
6556, 0.46
6557, 0.52
6558, 0.60
6559, 0.47
6560, 0.41
6561, 0.52
6562, 0.58
6563, 0.51
6564, 0.36
6565, 0.45
6566, 0.22
6567, 0.88
6568, 0.52
6569, 0.17
6570, 0.49
6571, 0.36
6572, 0.51
6573, 0.48
6574, 0.88
6575, 0.38
6576, 0.27
6577, 0.55
6578, 0.57
6579, 0.33
6580, 0.48
6581, 0.43
6582, 0.50
6583, 0.71
6584, 0.50
6585, 0.38
6586, 0.54
6587, 0.20
6588, 0.46
6589, 0.30
6590, 0.42
6591, 0.43
6592, 0.87
6593, 0.43
6594, 0.45
6595, 0.67
6596, 0.48
6597, 0.48
6598, 0.47
6599, 0.38
6600, 0.49
6601, 0.50
6602, 0.61
6603, 0.53
6604, 0.50
6605, 0.24
6606, 0.61
6607, 0.46
6608, 0.47
6609, 0.49
6610, 0.26
6611, 0.26
6612, 0.18
6613, 0.56
6614, 0.53
6615, 0.72
6616, 0.16
6617, 0.76
6618, 0.20
6619, 0.43
6620, 0.36
6621, 0.15
6622, 0.46
6623, 0.45
6624, 0.36
6625, 0.51
6626, 0.56
6627, 0.48
6628, 0.50
6629, 0.56
6630, 0.76
6631, 0.50
6632, 0.54
6633, 0.57
6634, 0.48
6635, 0.88
6636, 0.38
6637, 0.83
6638, 0.39
6639, 0.88
6640, 0.51
6641, 0.84
6642, 0.41
6643, 0.26
6644, 0.43
6645, 0.37
6646, 0.21
6647, 0.34
6648, 0.43
6649, 0.37
6650, 0.38
6651, 0.74
6652, 0.48
6653, 0.55
6654, 0.51
6655, 0.49
6656, 0.31
6657, 0.54
6658, 0.51
6659, 0.60
6660, 0.71
6661, 0.48
6662, 0.48
6663, 0.50
6664, 0.49
6665, 0.55
6666, 0.55
6667, 0.52
6668, 0.55
6669, 0.49
6670, 0.59
6671, 0.71
6672, 0.51
6673, 0.21
6674, 0.53
6675, 0.28
6676, 0.61
6677, 0.50
6678, 0.75
6679, 0.51
6680, 0.31
6681, 0.57
6682, 0.50
6683, 0.44
6684, 0.57
6685, 0.49
6686, 0.37
6687, 0.60
6688, 0.61
6689, 0.85
6690, 0.51
6691, 0.49
6692, 0.86
6693, 0.49
6694, 0.39
6695, 0.22
6696, 0.87
6697, 0.40
6698, 0.46
6699, 0.47
6700, 0.60
6701, 0.53
6702, 0.26
6703, 0.44
6704, 0.57
6705, 0.35
6706, 0.55
6707, 0.54
6708, 0.52
6709, 0.49
6710, 0.16
6711, 0.60
6712, 0.52
6713, 0.48
6714, 0.32
6715, 0.49
6716, 0.50
6717, 0.36
6718, 0.50
6719, 0.42
6720, 0.38
6721, 0.55
6722, 0.52
6723, 0.83
6724, 0.54
6725, 0.40
6726, 0.45
6727, 0.51
6728, 0.25
6729, 0.88
6730, 0.53
6731, 0.48
6732, 0.88
6733, 0.49
6734, 0.52
6735, 0.56
6736, 0.46
6737, 0.50
6738, 0.50
6739, 0.53
6740, 0.66
6741, 0.50
6742, 0.32
6743, 0.16
6744, 0.87
6745, 0.84
6746, 0.52
6747, 0.41
6748, 0.50
6749, 0.60
6750, 0.49
6751, 0.18
6752, 0.54
6753, 0.44
6754, 0.38
6755, 0.27
6756, 0.49
6757, 0.59
6758, 0.47
6759, 0.41
6760, 0.51
6761, 0.25
6762, 0.19
6763, 0.64
6764, 0.60
6765, 0.48
6766, 0.40
6767, 0.72
6768, 0.47
6769, 0.47
6770, 0.89
6771, 0.51
6772, 0.63
6773, 0.25
6774, 0.52
6775, 0.55
6776, 0.55
6777, 0.60
6778, 0.42
6779, 0.45
6780, 0.56
6781, 0.90
6782, 0.48
6783, 0.65
6784, 0.75
6785, 0.30
6786, 0.44
6787, 0.56
6788, 0.50
6789, 0.88
6790, 0.33
6791, 0.64
6792, 0.90
6793, 0.29
6794, 0.39
6795, 0.64
6796, 0.87
6797, 0.48
6798, 0.91
6799, 0.19
6800, 0.89
6801, 0.74
6802, 0.52
6803, 0.56
6804, 0.16
6805, 0.82
6806, 0.55
6807, 0.53
6808, 0.20
6809, 0.38
6810, 0.25
6811, 0.57
6812, 0.51
6813, 0.38
6814, 0.40
6815, 0.38
6816, 0.52
6817, 0.49
6818, 0.48
6819, 0.64
6820, 0.38
6821, 0.76
6822, 0.41
6823, 0.43
6824, 0.38
6825, 0.68
6826, 0.66
6827, 0.21
6828, 0.36
6829, 0.48
6830, 0.26
6831, 0.90
6832, 0.45
6833, 0.87
6834, 0.49
6835, 0.34
6836, 0.48
6837, 0.22
6838, 0.48
6839, 0.49
6840, 0.24
6841, 0.40
6842, 0.49
6843, 0.54
6844, 0.41
6845, 0.46
6846, 0.48
6847, 0.85
6848, 0.39
6849, 0.47
6850, 0.50
6851, 0.43
6852, 0.46
6853, 0.37
6854, 0.61
6855, 0.51
6856, 0.55
6857, 0.45
6858, 0.55
6859, 0.49
6860, 0.45
6861, 0.82
6862, 0.85
6863, 0.51
6864, 0.51
6865, 0.23
6866, 0.57
6867, 0.63
6868, 0.56
6869, 0.56
6870, 0.56
6871, 0.50
6872, 0.50
6873, 0.82
6874, 0.54
6875, 0.53
6876, 0.47
6877, 0.35
6878, 0.42
6879, 0.53
6880, 0.50
6881, 0.51
6882, 0.53
6883, 0.56
6884, 0.59
6885, 0.48
6886, 0.46
6887, 0.49
6888, 0.63
6889, 0.26
6890, 0.75
6891, 0.65
6892, 0.88
6893, 0.54
6894, 0.82
6895, 0.75
6896, 0.40
6897, 0.85
6898, 0.57
6899, 0.50
6900, 0.87
6901, 0.48
6902, 0.51
6903, 0.25
6904, 0.49
6905, 0.45
6906, 0.24
6907, 0.40
6908, 0.46
6909, 0.32
6910, 0.46
6911, 0.81
6912, 0.46
6913, 0.49
6914, 0.40
6915, 0.32
6916, 0.46
6917, 0.50
6918, 0.47
6919, 0.47
6920, 0.49
6921, 0.50
6922, 0.55
6923, 0.16
6924, 0.50
6925, 0.48
6926, 0.56
6927, 0.39
6928, 0.54
6929, 0.44
6930, 0.38
6931, 0.55
6932, 0.86
6933, 0.50
6934, 0.48
6935, 0.58
6936, 0.91
6937, 0.55
6938, 0.51
6939, 0.17
6940, 0.92
6941, 0.48
6942, 0.46
6943, 0.43
6944, 0.46
6945, 0.54
6946, 0.37
6947, 0.67
6948, 0.21
6949, 0.91
6950, 0.51
6951, 0.62
6952, 0.60
6953, 0.46
6954, 0.51
6955, 0.54
6956, 0.19
6957, 0.34
6958, 0.26
6959, 0.51
6960, 0.32
6961, 0.93
6962, 0.19
6963, 0.48
6964, 0.52
6965, 0.87
6966, 0.35
6967, 0.52
6968, 0.49
6969, 0.39
6970, 0.50
6971, 0.32
6972, 0.49
6973, 0.51
6974, 0.65
6975, 0.43
6976, 0.42
6977, 0.17
6978, 0.46
6979, 0.36
6980, 0.55
6981, 0.15
6982, 0.47
6983, 0.54
6984, 0.46
6985, 0.15
6986, 0.50
6987, 0.57
6988, 0.47
6989, 0.72
6990, 0.52
6991, 0.50
6992, 0.31
6993, 0.59
6994, 0.56
6995, 0.89
6996, 0.53
6997, 0.90
6998, 0.54
6999, 0.47
7000, 0.46
7001, 0.58
7002, 0.60
7003, 0.59
7004, 0.90
7005, 0.70
7006, 0.47
7007, 0.46
7008, 0.56
7009, 0.43
7010, 0.53
7011, 0.38
7012, 0.41
7013, 0.63
7014, 0.46
7015, 0.53
7016, 0.35
7017, 0.45
7018, 0.24
7019, 0.51
7020, 0.57
7021, 0.33
7022, 0.15
7023, 0.61
7024, 0.50
7025, 0.40
7026, 0.59
7027, 0.15
7028, 0.46
7029, 0.47
7030, 0.40
7031, 0.67
7032, 0.52
7033, 0.21
7034, 0.78
7035, 0.70
7036, 0.63
7037, 0.14
7038, 0.51
7039, 0.51
7040, 0.46
7041, 0.51
7042, 0.48
7043, 0.41
7044, 0.34
7045, 0.51
7046, 0.48
7047, 0.34
7048, 0.57
7049, 0.56
7050, 0.56
7051, 0.48
7052, 0.39
7053, 0.46
7054, 0.70
7055, 0.48
7056, 0.50
7057, 0.39
7058, 0.50
7059, 0.21
7060, 0.43
7061, 0.17
7062, 0.51
7063, 0.47
7064, 0.42
7065, 0.86
7066, 0.51
7067, 0.48
7068, 0.36
7069, 0.46
7070, 0.51
7071, 0.60
7072, 0.89
7073, 0.16
7074, 0.42
7075, 0.12
7076, 0.48
7077, 0.18
7078, 0.45
7079, 0.88
7080, 0.90
7081, 0.54
7082, 0.12
7083, 0.39
7084, 0.44
7085, 0.43
7086, 0.48
7087, 0.93
7088, 0.50
7089, 0.56
7090, 0.46
7091, 0.58
7092, 0.50
7093, 0.45
7094, 0.20
7095, 0.53
7096, 0.50
7097, 0.44
7098, 0.46
7099, 0.45
7100, 0.50
7101, 0.44
7102, 0.59
7103, 0.47
7104, 0.56
7105, 0.58
7106, 0.83
7107, 0.40
7108, 0.50
7109, 0.54
7110, 0.22
7111, 0.51
7112, 0.39
7113, 0.58
7114, 0.51
7115, 0.48
7116, 0.53
7117, 0.35
7118, 0.61
7119, 0.69
7120, 0.47
7121, 0.37
7122, 0.32
7123, 0.83
7124, 0.47
7125, 0.30
7126, 0.41
7127, 0.47
7128, 0.47
7129, 0.53
7130, 0.82
7131, 0.49
7132, 0.52
7133, 0.12
7134, 0.28
7135, 0.54
7136, 0.50
7137, 0.23
7138, 0.57
7139, 0.57
7140, 0.21
7141, 0.52
7142, 0.44
7143, 0.42
7144, 0.39
7145, 0.67
7146, 0.46
7147, 0.41
7148, 0.39
7149, 0.82
7150, 0.54
7151, 0.75
7152, 0.38
7153, 0.50
7154, 0.55
7155, 0.81
7156, 0.41
7157, 0.53
7158, 0.55
7159, 0.57
7160, 0.44
7161, 0.19
7162, 0.25
7163, 0.31
7164, 0.62
7165, 0.58
7166, 0.85
7167, 0.47
7168, 0.40
7169, 0.44
7170, 0.61
7171, 0.25
7172, 0.49
7173, 0.41
7174, 0.48
7175, 0.48
7176, 0.58
7177, 0.49
7178, 0.48
7179, 0.91
7180, 0.91
7181, 0.89
7182, 0.30
7183, 0.93
7184, 0.45
7185, 0.54
7186, 0.32
7187, 0.48
7188, 0.43
7189, 0.42
7190, 0.63
7191, 0.47
7192, 0.89
7193, 0.43
7194, 0.54
7195, 0.63
7196, 0.48
7197, 0.24
7198, 0.46
7199, 0.30
7200, 0.90
7201, 0.58
7202, 0.49
7203, 0.49
7204, 0.15
7205, 0.51
7206, 0.41
7207, 0.46
7208, 0.54
7209, 0.45
7210, 0.47
7211, 0.46
7212, 0.37
7213, 0.64
7214, 0.51
7215, 0.26
7216, 0.89
7217, 0.82
7218, 0.55
7219, 0.46
7220, 0.39
7221, 0.57
7222, 0.90
7223, 0.41
7224, 0.50
7225, 0.89
7226, 0.48
7227, 0.43
7228, 0.41
7229, 0.31
7230, 0.47
7231, 0.46
7232, 0.36
7233, 0.49
7234, 0.49
7235, 0.19
7236, 0.54
7237, 0.52
7238, 0.38
7239, 0.41
7240, 0.34
7241, 0.51
7242, 0.51
7243, 0.59
7244, 0.54
7245, 0.44
7246, 0.36
7247, 0.40
7248, 0.24
7249, 0.48
7250, 0.51
7251, 0.56
7252, 0.63
7253, 0.59
7254, 0.52
7255, 0.87
7256, 0.48
7257, 0.44
7258, 0.82
7259, 0.48
7260, 0.50
7261, 0.32
7262, 0.59
7263, 0.55
7264, 0.50
7265, 0.33
7266, 0.42
7267, 0.93
7268, 0.51
7269, 0.73
7270, 0.45
7271, 0.49
7272, 0.44
7273, 0.49
7274, 0.86
7275, 0.86
7276, 0.51
7277, 0.47
7278, 0.62
7279, 0.46
7280, 0.48
7281, 0.49
7282, 0.45
7283, 0.45
7284, 0.45
7285, 0.59
7286, 0.48
7287, 0.58
7288, 0.48
7289, 0.54
7290, 0.48
7291, 0.59
7292, 0.52
7293, 0.61
7294, 0.32
7295, 0.15
7296, 0.67
7297, 0.64
7298, 0.87
7299, 0.53
7300, 0.51
7301, 0.47
7302, 0.54
7303, 0.38
7304, 0.15
7305, 0.59
7306, 0.53
7307, 0.50
7308, 0.32
7309, 0.44
7310, 0.57
7311, 0.34
7312, 0.55
7313, 0.49
7314, 0.46
7315, 0.46
7316, 0.47
7317, 0.51
7318, 0.46
7319, 0.51
7320, 0.39
7321, 0.63
7322, 0.86
7323, 0.33
7324, 0.80
7325, 0.55
7326, 0.43
7327, 0.50
7328, 0.52
7329, 0.49
7330, 0.46
7331, 0.52
7332, 0.41
7333, 0.48
7334, 0.63
7335, 0.50
7336, 0.41
7337, 0.48
7338, 0.47
7339, 0.57
7340, 0.42
7341, 0.48
7342, 0.89
7343, 0.50
7344, 0.43
7345, 0.22
7346, 0.52
7347, 0.77
7348, 0.34
7349, 0.92
7350, 0.36
7351, 0.76
7352, 0.48
7353, 0.44
7354, 0.83
7355, 0.91
7356, 0.48
7357, 0.46
7358, 0.40
7359, 0.55
7360, 0.54
7361, 0.62
7362, 0.83
7363, 0.49
7364, 0.56
7365, 0.51
7366, 0.48
7367, 0.89
7368, 0.47
7369, 0.47
7370, 0.50
7371, 0.48
7372, 0.43
7373, 0.89
7374, 0.46
7375, 0.48
7376, 0.90
7377, 0.30
7378, 0.59
7379, 0.50
7380, 0.65
7381, 0.41
7382, 0.32
7383, 0.61
7384, 0.56
7385, 0.13
7386, 0.49
7387, 0.35
7388, 0.48
7389, 0.81
7390, 0.56
7391, 0.56
7392, 0.37
7393, 0.44
7394, 0.76
7395, 0.57
7396, 0.51
7397, 0.53
7398, 0.38
7399, 0.33
7400, 0.49
7401, 0.76
7402, 0.55
7403, 0.45
7404, 0.46
7405, 0.53
7406, 0.45
7407, 0.53
7408, 0.50
7409, 0.18
7410, 0.40
7411, 0.18
7412, 0.40
7413, 0.24
7414, 0.76
7415, 0.62
7416, 0.14
7417, 0.92
7418, 0.30
7419, 0.48
7420, 0.91
7421, 0.47
